2
49
389 94 7
76
77
78
79
80
81
82
389 95 7
76
77
78
79
80
81
82
389 96 7
76
77
78
79
80
81
82
389 97 7
76
77
78
79
80
81
82
389 98 7
76
77
78
79
80
81
82
389 99 7
76
77
78
79
80
81
82
389 100 7
76
77
78
79
80
81
82
390 94 7
76
77
78
79
80
81
82
390 95 7
76
77
78
79
80
81
82
390 96 7
76
77
78
79
80
81
82
390 97 7
76
77
78
79
80
81
82
390 98 7
76
77
78
79
80
81
82
390 99 7
76
77
78
79
80
81
82
390 100 7
76
77
78
79
80
81
82
391 94 7
76
77
78
79
80
81
82
391 95 7
76
77
78
79
80
81
82
391 96 7
76
77
78
79
80
81
82
391 97 7
76
77
78
79
80
81
82
391 98 7
76
77
78
79
80
81
82
391 99 7
76
77
78
79
80
81
82
391 100 7
76
77
78
79
80
81
82
392 94 7
76
77
78
79
80
81
82
392 95 7
76
77
78
79
80
81
82
392 96 7
76
77
78
79
80
81
82
392 97 7
76
77
78
79
80
81
82
392 98 7
76
77
78
79
80
81
82
392 99 7
76
77
78
79
80
81
82
392 100 7
76
77
78
79
80
81
82
393 94 7
76
77
78
79
80
81
82
393 95 7
76
77
78
79
80
81
82
393 96 7
76
77
78
79
80
81
82
393 97 7
76
77
78
79
80
81
82
393 98 7
76
77
78
79
80
81
82
393 99 7
76
77
78
79
80
81
82
393 100 7
76
77
78
79
80
81
82
394 94 7
76
77
78
79
80
81
82
394 95 7
76
77
78
79
80
81
82
394 96 7
76
77
78
79
80
81
82
394 97 7
76
77
78
79
80
81
82
394 98 7
76
77
78
79
80
81
82
394 99 7
76
77
78
79
80
81
82
394 100 7
76
77
78
79
80
81
82
395 94 7
76
77
78
79
80
81
82
395 95 7
76
77
78
79
80
81
82
395 96 7
76
77
78
79
80
81
82
395 97 7
76
77
78
79
80
81
82
395 98 7
76
77
78
79
80
81
82
395 99 7
76
77
78
79
80
81
82
395 100 7
76
77
78
79
80
81
82
