  1.0000000e+001  1.2421875e+001  1.0805337e-002  7.0000000e+000  9.2619000e+004  9.8084195e-001  3.1365752e-010 -1.0209918e+000  1.5115069e+000  2.1267440e+001  2.0000000e+000
  1.0000000e+001  1.2421875e+001  1.2988775e-002  7.0000000e+000  9.5076000e+004  9.8204759e-001 -1.9888972e-011  1.1617035e+000  1.5707963e+000  2.1073540e+001  1.0000000e+000
  8.9000000e+001  3.1554688e+001  4.0243948e-002  8.0000000e+000  9.2269000e+005  2.6060467e+000 -1.8978644e-009  5.2047446e-001  2.2266183e+000  1.8599090e+001  1.0000000e+000
  1.0900000e+002  3.6398438e+001  4.7940242e-002  8.0000000e+000  1.0300340e+006  2.6326117e+000 -5.2279224e-009 -9.1361339e-001  2.8141635e+000  2.3411570e+001  2.0000000e+000
  1.4000000e+001  1.3390625e+001  5.9239378e-002  8.0000000e+000  2.1851500e+005  1.3719471e+000  6.9470378e-010  1.0248919e+000  1.6232734e+000  3.7354750e+001  1.0000000e+000
  8.9000000e+001  3.1554688e+001  5.9887692e-002  8.0000000e+000  1.0441160e+006  2.6068177e+000 -3.6033279e-010 -3.9548085e-001  2.1153489e+000  1.9701640e+001  2.0000000e+000
  3.1300000e+002  8.5804688e+001  6.3737478e-002  8.0000000e+000  5.3301100e+006  3.0852900e-001 -9.8213913e-009  7.4153466e-001  2.1371774e+000  1.8048220e+001  1.0000000e+000
  3.0300000e+002  8.3382813e+001  6.9397034e-002  8.0000000e+000  5.1584240e+006  7.9529651e-001  4.4736533e-009  1.2932247e+000  1.0023994e+000  1.6602660e+001  1.0000000e+000
  6.7000000e+001  2.6226563e+001  7.7490401e-002  8.0000000e+000  6.7262000e+005  1.0410056e+000  1.5040571e-009  5.0004562e-001  1.1495752e+000  1.8209930e+001  1.0000000e+000
  8.8000000e+001  3.1312500e+001  8.4986444e-002  8.0000000e+000  9.6997500e+005  8.2468447e-001  9.5077790e-010  1.0587216e+000  1.5095107e+000  1.7490730e+001  1.0000000e+000
  3.1300000e+002  8.5804688e+001  8.5988933e-002  8.0000000e+000  5.7634700e+006  3.1194733e-001  1.7260037e-010 -1.0545921e+000  1.5926309e+000  1.7983320e+001  2.0000000e+000
