0600_1 1110 155.312500     8     5  1.46199508e+00 1.30224869e-09 1.09355692e+00 2.08138626e+00 1.198182e+01 3 2020252 1969390 6 2137490 2038513 14 1752761 1666583 8 5526511 3334399 5 1827438 1790517 
0600_2 1000 155.312500     8     5  1.60583813e+00 -9.77377237e-08 -6.92872356e-01 9.94023745e-01 1.209099e+01 19 1749054 1734393 14 1751255 1665997 5 1829541 1789595 8 5562279 3299172 3 2019651 1967509 
0603_1 0110 156.039062     8     5  2.51891162e+00 -5.36986077e-08 6.27849510e-01 1.99641368e+00 1.192685e+01 5 1676845 1641462 3 1831050 1787904 2 2137332 2106926 8 5241495 3017927 14 1610633 1530734 
0603_2 1100 156.039062     8     5  2.61737605e+00 -8.38361804e-09 -1.09453436e+00 2.92314049e+00 1.191797e+01 5 1674792 1640308 19 1580360 1567144 2 2070876 2043995 3 1837131 1790738 8 4842549 2889933 
0604_1 0010 156.281250     8     5  5.40187471e-01 -5.32655633e-09 2.20655183e-01 2.12122060e+00 1.237585e+01 8 8281708 3323808 5 1635888 1602939 2 1859140 1836886 14 1580239 1505846 19 1642496 1628970 
0604_2 0001 156.281250     8     5  2.10389875e+00 -6.26154866e-08 -1.05877591e+00 2.62310436e+00 1.205188e+01 6 1927936 1845942 14 1565995 1494030 3 1701003 1658986 2 1862176 1839727 11 1563030 1262971 
0605_1 0101 156.523438     8     5  7.56002251e-01 -4.92449323e-08 4.98407178e-01 1.69111305e+00 1.204899e+01 11 1973061 1574374 2 2233883 2205487 19 1826920 1812714 5 1918418 1880482 6 2275929 2167856 
0605_2 0001 156.523438     8     5  1.07739537e+00 -3.11153116e-08 -7.21556333e-01 3.07439379e-01 1.197235e+01 6 2260515 2152014 2 2248315 2218380 5 1960104 1918073 14 1867160 1778738 8 7099196 3802249 
0606_1 0111 156.765625     8     5  2.10815332e+00 -2.74365112e-08 8.03274678e-01 2.33452323e+00 1.206893e+01 3 1882502 1834406 2 2061246 2036058 6 2132662 2023823 5 1786848 1751160 8 4984863 3109596 
0606_2 0010 156.765625     8     5  2.33874090e+00 -5.84819447e-08 -1.33023978e+00 1.13132030e+00 1.172699e+01 8 5630706 3247047 11 1767917 1421401 2 2044351 2018942 3 1856865 1811314 14 1738769 1656366 
0607_1 0000 157.007812     8     5  1.83095620e+00 -3.96854087e-08 3.81854146e-01 4.89647621e-01 1.212824e+01 11 1424186 1133520 3 1575953 1530866 14 1398428 1331052 19 1335024 1324368 8 5960300 3002260 
0607_2 0011 157.007812     8     5  2.06615302e+00 -3.08260080e-08 -1.03425241e+00 8.45859081e-01 1.198747e+01 2 1647504 1627874 14 1391161 1326133 8 7866081 3626643 3 1556933 1517622 11 1455202 1155329 
0608_1 1111 157.250000     8     5  2.04429898e+00 -1.07244211e-07 5.55587274e-01 2.11098724e+00 1.243748e+01 8 5270529 3317464 14 1914451 1823462 5 1990923 1949592 6 2409731 2258560 2 2238174 2211058 
0608_2 1010 157.250000     8     5  2.24986188e+00 -7.33613576e-08 -2.80908525e-01 1.09094362e+00 1.189411e+01 5 1973383 1932158 11 1941668 1559216 3 2034164 1982737 6 2349504 2228074 2 2222182 2194865 
0609_1 0000 157.492188     8     6  2.53229007e+00 -9.10057365e-08 7.65863388e-01 2.68085101e+00 1.286903e+01 8 6735554 3589590 6 2345534 2224867 2 2297859 2266680 5 1948238 1909434 14 1933804 1839502 3 2081831 2026244 
0609_2 1001 157.492188     8     5  1.33225214e+00 -1.94283187e-08 -7.35738997e-01 2.33676107e-01 1.189882e+01 14 1937235 1847353 2 2264670 2236427 6 2365295 2241178 8 8729081 4063078 5 1943518 1903020 
0610_1 0000 157.734375     8     5  2.77809961e+00 -5.44287943e-09 8.58409342e-01 8.25605373e-01 1.234127e+01 8 5340833 3396939 11 2503536 1677416 14 1973476 1877422 19 1856385 1841474 5 2008456 1965586 
0610_2 1011 157.734375     8     5  2.19373733e+00 -1.00073190e-07 -9.02426019e-01 5.86837411e-01 1.191998e+01 2 2236720 2209402 5 1977387 1937762 14 1970614 1878277 6 2322771 2214535 3 2072132 2020074 
0611_1 1001 157.976562     8     5  9.89374022e-01 -2.73019451e-08 7.29486242e-01 1.16038159e+00 1.218572e+01 8 20277952 4669194 5 1978421 1937444 14 1929608 1838291 2 2253389 2225618 11 1991630 1597753 
0611_2 0110 157.976562     8     5  1.68067775e+00 -6.97303912e-08 -7.24595478e-01 2.46131323e+00 1.227903e+01 11 2001536 1600784 3 2084576 2032532 8 20578592 4696254 5 1996375 1954563 6 2325460 2218211 
0612_1 0111 158.218750     8     5  1.59718132e+00 -9.35025128e-08 9.10214168e-01 4.22205571e-01 1.241074e+01 5 1560835 1530221 3 1610718 1571516 6 1884429 1797047 8 4073742 2686906 14 1543128 1468873 
0612_2 1001 158.218750     8     5  7.24594948e-01 -4.85785483e-08 -5.73214255e-01 1.41017636e+00 1.189709e+01 5 1589861 1556387 2 1827305 1805147 11 1575329 1269453 8 4288998 2797857 14 1538290 1465980 
0613_1 1100 158.460938     8     5  2.73592944e+00 -3.62360401e-08 1.06925730e+00 2.51150099e+00 1.213927e+01 11 2019284 1605565 14 1948281 1854014 8 5114547 3171775 19 1943561 1926838 6 2420477 2285629 
0613_2 1101 158.460938     8     5  2.05872768e+00 5.89997329e-09 -8.24883906e-01 1.96285363e+00 1.169771e+01 14 1971913 1877707 3 2074479 2023554 6 2429563 2298313 19 1955713 1938908 8 5104550 3221305 
0614_1 1000 158.703125     8     5  1.58240611e+00 -1.00512381e-07 1.24630953e+00 2.87656800e+00 1.218185e+01 19 1511158 1498909 14 1549081 1473761 8 55256341 4852832 11 1621719 1299754 2 1857142 1833253 
0614_2 1010 158.703125     8     5  1.69706120e+00 -8.61771703e-09 -8.38863754e-01 3.58732308e-01 1.209845e+01 19 1509918 1498057 11 1575969 1273000 3 1651666 1611659 14 1553815 1477520 8 70240309 5499505 
0615_1 1011 158.945312     8     5  2.01058148e+00 -8.62469020e-08 3.45306537e-01 2.45451554e+00 1.194468e+01 6 2360102 2252224 19 1924487 1908931 5 1926391 1890359 2 2299823 2272025 3 2077579 2024651 
0615_2 0011 158.945312     8     5  2.75099431e+00 -3.12675203e-09 -1.11277052e+00 2.80548797e+00 1.203040e+01 11 2140941 1679237 2 2304293 2275264 5 1973418 1933817 8 17814354 4624711 3 2082994 2032229 
0616_1 1101 159.187500     8     5  1.43669384e+00 -1.08698602e-07 9.36052812e-01 1.58954593e+00 1.194514e+01 6 1951101 1864994 8 5244439 3050668 2 1891258 1868097 14 1647395 1564729 11 2071090 1474335 
0616_2 0100 159.187500     8     5  1.73457901e+00 -8.29997315e-08 -4.99191691e-01 4.54272130e-01 1.186958e+01 11 1791844 1423321 14 1609488 1531166 19 1612996 1599468 2 1922051 1897449 8 5510066 3060363 
0617_1 1011 159.429688     8     5  5.81990244e-01 -4.49261543e-08 1.24929477e+00 2.55994684e+00 1.206852e+01 6 2438608 2326681 11 2164209 1692545 5 1977171 1936885 3 2081808 2029355 19 1930655 1915055 
0617_2 1100 159.429688     8     5  2.38341527e+00 -8.59853919e-08 -1.11120285e+00 4.50957648e-01 1.235136e+01 2 2320454 2291214 8 30201811 6372973 6 2389918 2281747 19 1960751 1942878 5 1989880 1948589 
0618_1 1110 159.671875     8     5  2.57070349e+00 -2.49865601e-08 1.00843215e+00 2.59688735e+00 1.204679e+01 11 1970797 1579992 14 1959684 1864659 19 1908859 1893611 8 11536096 5733153 2 2336175 2306935 
0618_2 0100 159.671875     8     5  1.02983114e+00 -4.64240831e-08 -6.57239021e-01 1.50126450e-01 1.226035e+01 8 43088605 7521655 6 2412823 2299749 2 2354563 2323384 11 1990711 1588110 19 1938912 1922513 
0619_1 1001 159.914062     8     5  2.23571051e+00 -3.74184030e-08 8.73617579e-01 1.60532775e+00 1.192937e+01 8 4821775 3194623 3 1791406 1746175 19 1541297 1528051 5 1660838 1625389 6 1912593 1823413 
0619_2 1101 159.914062     8     5  2.13107149e+00 -1.48894396e-08 -2.95506266e-01 1.01048228e+00 1.243676e+01 14 1625427 1545036 3 1746321 1705175 5 1672971 1636528 19 1530684 1517021 8 7733202 4040209 
0620_1 1010 160.156250     8     5  1.87411678e+00 -3.18111288e-08 1.25977628e+00 2.85237854e-01 1.224566e+01 8 6614602 3670045 19 1905282 1890040 5 2030360 1989581 11 2150171 1711304 14 1971406 1877897 
0620_2 0000 160.156250     8     5  2.56374936e+00 -7.85283738e-08 -1.83913257e-01 1.26740821e+00 1.186936e+01 14 1967611 1875428 5 2050215 2007907 2 2361028 2330381 19 1925656 1909542 8 6368535 3558634 
0621_1 0001 160.398438     8     5  2.48110191e+00 -9.59909445e-08 4.40991937e-01 2.19442499e+00 1.210177e+01 2 2392088 2361206 11 2089517 1680820 19 1942004 1926271 3 2119126 2065037 14 1988223 1894302 
0621_2 0001 160.398438     8     5  2.30051876e+00 -3.02442329e-08 -7.25308738e-01 1.77267196e-01 1.190280e+01 8 5316260 3497434 19 1933459 1917466 3 2122614 2069406 11 2085616 1678899 6 2446299 2328005 
0622_1 0010 160.640625     8     5  1.28511016e+00 -2.41274106e-09 1.13012550e+00 1.42288747e+00 1.190015e+01 3 2164160 2108493 14 2012984 1914549 8 10603914 4675244 5 2044640 2002673 11 2051845 1657198 
0622_2 0100 160.640625     8     5  9.90615257e-01 -8.11832926e-08 -6.90797560e-01 9.19428257e-01 1.248921e+01 6 2432462 2323076 5 2011682 1971687 2 2393331 2361091 14 1982795 1888494 8 34385337 6716883 
0623_1 0111 160.882812     8     5  1.75335034e+00 -9.01570091e-08 3.72816240e-01 1.90152671e+00 1.208236e+01 6 2350243 2217034 8 44476595 4427457 5 2050911 2008452 19 1952571 1936632 3 2181400 2124359 
0623_2 1001 160.882812     8     5  2.54187641e+00 -1.47309902e-08 -7.97060068e-01 1.96043616e+00 1.195968e+01 19 1963582 1947295 14 2041061 1940688 5 2052844 2010406 8 43091319 4425474 11 2025737 1636393 
0624_1 0100 161.125000     8     5  1.63594150e+00 -6.87211802e-08 7.27646918e-01 3.03055036e+00 1.177897e+01 8 6741415 3500068 19 1515173 1502855 2 1931333 1905228 11 1609566 1300508 5 1630719 1597483 
0624_2 0000 161.125000     8     5  1.06033552e+00 -9.68734924e-08 -1.05959214e+00 1.59220721e+00 1.207251e+01 14 1586013 1510130 19 1542665 1529809 2 1905490 1880561 6 1941342 1842454 8 6408940 3397413 
0625_1 0110 161.367188     8     5  3.35589807e-01 1.64327177e-09 5.12018156e-01 2.53034293e+00 1.203274e+01 8 9235642 4774127 14 2005825 1907985 6 2446044 2339604 11 2147177 1724817 3 2137493 2085166 
0625_2 1001 161.367188     8     5  1.40761289e+00 -3.64519465e-08 -5.80486056e-01 3.38744313e-01 1.205473e+01 3 2141678 2088780 2 2440057 2408798 14 2028360 1931083 6 2479919 2368110 8 34932172 6124204 
0626_1 1001 161.609375     8     5  9.96418558e-01 -2.87257378e-08 1.18062554e+00 1.35357112e+00 1.174220e+01 6 1919927 1825727 11 1671261 1345801 5 1620712 1589033 14 1589494 1515378 8 4673266 2760814 
0626_2 0110 161.609375     8     5  8.43217662e-01 -1.63610126e-08 -8.24909635e-01 1.24782382e+00 1.219221e+01 14 1580570 1507212 5 1605689 1573571 19 1565669 1553041 3 1718754 1676215 11 1627619 1318305 
0627_1 1101 161.851562     8     5  2.32162551e+00 -1.18660147e-08 7.25069659e-01 2.92651466e+00 1.195084e+01 2 2431623 2400624 3 2200128 2143267 5 2091571 2047418 14 2000343 1907605 8 34023916 4156059 
0627_2 1011 161.851562     8     5  4.01790502e-01 -2.01309965e-09 -8.07205059e-01 1.02439187e+00 1.205388e+01 3 2171719 2118812 19 1962984 1947196 5 2102965 2058685 2 2440108 2408520 11 2106480 1689081 
0628_1 0000 162.093750     8     5  4.03646102e-01 -5.20775153e-08 1.78398212e-01 1.46651257e+00 1.190795e+01 5 1622033 1590249 3 1707117 1662890 2 1894715 1869916 6 1936837 1850143 14 1604331 1528304 
0628_2 1101 162.093750     8     5  1.89407395e+00 -2.81580691e-08 -4.99157391e-01 8.90308037e-01 1.194886e+01 2 1892562 1869136 11 1610367 1309809 19 1635858 1622097 3 1703618 1661731 8 11229284 4313293 
0629_1 0010 162.335938     8     5  2.29924550e+00 -8.52553673e-08 2.58531712e-01 1.65404525e+00 1.205065e+01 6 2448724 2340167 2 2429851 2398084 8 34121292 6395740 14 2050480 1949514 3 2190456 2135273 
0629_2 1101 162.335938     8     5  2.37759652e+00 -5.64983663e-08 -6.54227744e-01 2.79198151e+00 1.210424e+01 19 1955003 1939450 11 2189839 1754615 2 2437057 2405311 5 2067219 2024315 14 2015444 1922121 
0630_1 1000 162.578125     8     5  2.43153220e+00 -6.31738630e-08 4.61810261e-01 1.29623356e-01 1.210033e+01 2 2348724 2318496 6 2509425 2381037 14 2040555 1943020 5 2119617 2074627 8 5852189 3713991 
0630_2 1001 162.578125     8     5  2.69327006e+00 -1.85641057e-08 -3.47850193e-01 1.80667475e+00 1.224759e+01 8 7699661 4237602 6 2530105 2404929 5 2098169 2055009 3 2193591 2136971 14 2056064 1956885 
0631_1 0100 162.820312     8     5  1.98359400e+00 -1.16942470e-07 1.25700490e+00 2.39581329e+00 1.226174e+01 2 2441805 2410072 19 1968839 1952811 11 2302670 1831499 3 2172782 2117417 5 2111511 2067763 
0631_2 1010 162.820312     8     5  2.43399795e+00 -1.04197846e-07 -1.01955695e+00 3.68572174e-01 1.219712e+01 14 2021895 1924040 6 2511307 2383519 19 1958915 1943854 8 56401434 4685420 5 2135547 2090898 
0632_1 0100 163.062500     8     5  2.54379899e+00 -1.23350400e-08 1.35078323e+00 2.62620628e+00 1.220759e+01 11 2163653 1736033 8 9812163 3823405 5 2087634 2044367 2 2378698 2349362 3 2192574 2134726 
0632_2 0000 163.062500     8     5  2.64819654e+00 -6.22409771e-08 -3.85247221e-01 4.40861191e-01 1.202932e+01 6 2657981 2456137 14 2052872 1955111 19 2017652 2000355 8 10824289 4257668 11 2166552 1736131 
0633_1 1101 163.304688     8     5  7.21768201e-01 -8.55791121e-08 6.23296449e-01 2.83044131e+00 1.236049e+01 14 2100620 1995962 8 6748337 4285298 19 2027992 2011560 6 2519080 2401034 11 2158917 1743919 
0633_2 0111 163.304688     8     5  3.48992783e-01 -4.82643367e-09 -6.30646876e-01 2.12603664e+00 1.208526e+01 6 2515165 2399408 2 2377249 2348579 8 17474496 5633789 3 2191655 2137095 14 2057675 1960556 
0634_1 1101 163.546875     8     6  4.23072455e-01 -2.12425453e-08 5.75087844e-01 2.85507967e+00 1.313020e+01 6 2565732 2439607 2 2398351 2369026 3 2235304 2176565 8 8161928 4794609 5 2108315 2065741 19 2044437 2027468 
0634_2 0001 163.546875     8     5  2.30327768e+00 -3.91388808e-08 -5.73536732e-01 2.95414391e+00 1.197898e+01 8 17579587 5819058 14 2037515 1940171 6 2617431 2481958 11 2242667 1777413 2 2384182 2354864 
0635_1 0101 163.789062     8     5  1.54040750e+00 -6.21537783e-09 1.02151261e+00 1.71906511e+00 1.395329e+01 8 6461858 4004732 5 2144460 2101176 19 2307131 2216914 14 2253372 2051185 11 2308481 1772532 
0635_2 0110 163.789062     8     6  1.75214197e+00 -3.13840051e-08 -1.10197984e+00 3.09050330e-01 1.287887e+01 11 2521984 1821529 8 9330759 4529477 5 2179892 2133045 3 2212325 2156640 19 2395028 2257643 6 2547893 2428728 
0636_1 1011 164.031250     8     5  1.88754563e+00 -2.01556352e-08 8.56587167e-01 4.20324718e-01 1.230102e+01 5 2095474 2055663 11 2127292 1716472 8 5180225 3441949 3 2209418 2153079 2 2464001 2432799 
0636_2 0001 164.031250     8     5  2.13641698e+00 -4.94626212e-09 -1.03105792e+00 1.36386280e+00 1.225976e+01 2 2432565 2402854 14 2142707 2040413 8 5721127 3648929 3 2209360 2153888 11 2159920 1730005 
0637_1 0010 164.273438     8     6  1.27998139e+00 -2.38165974e-09 1.08366210e+00 9.66193775e-01 1.262591e+01 8 5877175 3879712 6 2491144 2377375 5 2147821 2102715 19 2033082 2016809 14 2086645 1983963 3 2207251 2150785 
0637_2 1100 164.273438     8     5  1.44046931e+00 -1.03040776e-07 -3.79212604e-01 1.37457074e+00 1.180318e+01 8 13231853 5049224 3 2212583 2156863 2 2429730 2397468 14 2081900 1979085 11 2179686 1744147 
0638_1 1111 164.515625     8     5  1.49886919e+00 -3.77875421e-08 3.23088194e-01 2.39564674e+00 1.187637e+01 19 1606454 1593250 5 1695595 1659767 3 1726450 1684548 6 1941708 1860954 8 9896685 4327706 
0638_2 1010 164.515625     8     5  1.77683547e+00 -3.98691524e-08 -8.34423493e-01 2.15748117e+00 1.216257e+01 2 1909867 1887671 19 1618853 1605586 8 18778443 4940091 6 1992214 1900501 14 1630822 1554887 
0639_1 0110 164.757812     8     5  6.58735794e-01 -1.28150506e-08 7.26794328e-01 1.44208869e+00 1.212509e+01 2 2490885 2458788 8 14715085 5384039 5 2156957 2113372 6 2553602 2436827 14 2108449 2005326 
0639_2 0111 164.757812     8     5  3.25229449e-01 -9.44501385e-09 -9.58675048e-01 8.55084986e-01 1.254202e+01 2 2491887 2461288 19 2052310 2034916 6 2522522 2415013 3 2285009 2225533 8 26529528 6354504 
0640_1 1001 165.000000     8     5  1.88595531e+00 -4.66453215e-09 6.39897672e-01 2.68503570e+00 1.189046e+01 19 1664915 1650939 6 2021097 1923019 14 1665882 1587792 2 1927128 1905147 5 1709179 1675806 
0640_2 1001 165.000000     8     5  1.57102799e+00 -7.55337905e-08 -9.45803373e-01 2.53869402e+00 1.217772e+01 2 1940700 1917122 5 1709277 1675218 8 13360527 4004128 3 1751141 1708630 14 1654245 1577089 
0641_1 0011 165.242188     8     5  1.39746897e+00 -4.06763262e-08 3.77318480e-01 1.81192439e-01 1.198358e+01 14 2132975 2029081 2 2520892 2490511 3 2233739 2176125 6 2586785 2470264 8 6440276 4440219 
0641_2 1001 165.242188     8     5  2.17319689e+00 -1.04579637e-08 -1.27066478e+00 1.49351238e+00 1.199953e+01 2 2544148 2511076 8 15400019 6478594 19 2101561 2083724 14 2135179 2031696 11 2316889 1859328 
0642_1 0100 165.484375     8     5  7.44328903e-01 -4.78967709e-08 7.96170162e-01 5.96496388e-01 1.178691e+01 2 2463239 2430813 8 5960198 3924958 6 2587054 2462759 3 2248497 2191349 5 2180205 2133073 
0642_2 1100 165.484375     8     5  1.06336209e+00 -4.58855020e-08 -4.23289312e-01 3.80646160e-01 1.209009e+01 2 2443034 2413280 5 2134430 2091433 6 2590408 2469648 19 2081854 2064521 8 7127764 4322346 
0643_1 0100 165.726562     8     5  2.85024243e+00 7.17115607e-09 7.24118746e-01 2.21958337e+00 1.206176e+01 8 25070334 4268612 2 2506270 2471846 3 2231741 2174798 11 2223242 1789444 6 2602153 2472976 
0643_2 0101 165.726562     8     5  8.38695365e-01 -1.46554244e-08 -3.98998381e-01 1.73690449e+00 1.236126e+01 5 2162254 2118540 3 2260363 2204303 8 26139597 4646563 14 2111251 2007883 11 2524697 1889044 
0644_1 0101 165.968750     8     5  1.96695380e+00 7.60762186e-09 9.55053404e-01 3.84691401e-01 1.223206e+01 8 5536090 3601303 3 2315576 2255074 5 2159935 2117913 6 2575314 2426427 2 2503854 2470518 
0644_2 0001 165.968750     8     5  2.62251861e+00 -2.40358791e-08 -6.98903443e-01 2.63817474e-01 1.196170e+01 11 2167380 1746625 6 2590699 2439921 8 5687045 3651929 3 2284107 2227611 19 2075223 2057675 
0645_1 0110 166.210938     8     5  2.68394473e+00 4.40754240e-09 1.45183883e+00 1.75616438e+00 1.220821e+01 8 10325137 5305508 5 2206010 2161074 11 2146144 1729248 14 2174678 2064357 2 2427148 2397389 
0645_2 0110 166.210938     8     5  2.28386864e+00 -4.83500705e-09 -1.16650373e+00 1.94991704e+00 1.218883e+01 6 2607444 2481216 14 2142590 2038673 2 2386663 2358245 11 2141003 1724405 3 2311605 2251745 
0646_1 0011 166.453125     8     6  2.60978909e+00 -1.16574319e-08 9.46345963e-01 2.17669670e+00 1.434175e+01 5 2349567 2261034 2 2865038 2717382 6 2604937 2491034 3 2697903 2457838 11 2239409 1806453 8 17848800 5231568 
0646_2 1011 166.453125     8     5  2.76176074e+00 3.86184169e-09 -1.33719801e+00 1.37606865e+00 1.257314e+01 2 2975280 2791782 8 28513951 6206784 3 2737809 2497102 5 2404895 2304055 6 2611208 2496049 
0647_1 0001 166.695312     8     5  2.40537879e+00 -1.07305342e-07 7.06953861e-01 2.86717268e+00 1.200247e+01 6 2715809 2561688 11 2299831 1843727 19 2102608 2085966 3 2318327 2259064 8 6712034 4139049 
0647_2 0010 166.695312     8     5  2.32989988e+00 -5.42015179e-08 -1.23583082e+00 2.76472610e+00 1.225338e+01 5 2203307 2157568 14 2142143 2039789 2 2471325 2440362 19 2110413 2093509 8 7952328 4611339 
0648_1 0110 166.937500     8     5  1.39647083e+00 -8.18397043e-08 4.48158001e-01 1.02369181e+00 1.193682e+01 3 2332008 2270753 6 2607022 2470087 14 2125416 2023105 19 2093050 2075886 5 2226944 2180095 
0648_2 1010 166.937500     8     5  2.55821331e+00 -3.23138465e-08 -1.20403596e+00 2.88673764e+00 1.201870e+01 19 2096458 2078292 14 2131019 2026072 11 2330986 1847163 8 6898432 4112063 2 2498809 2466287 
0649_1 0101 167.179688     8     5  3.40433904e-01 -5.23278399e-08 6.32544269e-01 2.76694741e+00 1.216453e+01 11 2316444 1846188 2 2515117 2484827 8 13433144 6056825 3 2369765 2308328 6 2605073 2485926 
0649_2 1101 167.179688     8     5  2.58541865e+00 -6.28683051e-08 -7.73608935e-01 2.06018076e+00 1.255385e+01 2 2577773 2544070 3 2325005 2267159 19 2123670 2105883 5 2205513 2160061 8 42021677 7983077 
0650_1 1110 167.421875     8     5  3.73416789e-01 -6.75362923e-08 1.20991442e+00 1.74125095e+00 1.206510e+01 5 395766 388175 6 450486 430047 8 2274916 1126371 3 459148 445621 2 481467 475964 
0650_2 0100 167.421875     8     5  5.16380435e-01 -1.06278489e-08 -3.01123566e-01 1.42757222e+00 1.177868e+01 19 371544 368569 11 355565 284371 2 499314 492797 3 453898 441709 8 7819614 1840288 
0652_1 0111 167.906250     8     4  2.79372964e+00 2.88771899e-09 5.38410274e-01 2.02156904e+00 1.102238e+01 6 168037 159855 11 145424 114532 3 158689 154952 8 239174 181467 
0652_2 0101 167.906250     8     4  2.79385360e+00 -1.24736266e-08 -8.27584737e-02 2.19075030e+00 1.129170e+01 19 94022 93273 11 135404 109023 3 157081 153579 8 251081 190357 
0653_1 0000 168.148438     8     5  1.18979178e+00 -1.29818991e-08 5.62487463e-01 1.31699047e-01 1.214477e+01 3 2352263 2291528 6 2735739 2578600 8 6665283 4175298 2 2494389 2463236 19 2133615 2116108 
0653_2 0111 168.148438     8     5  2.13493770e+00 1.24488526e-10 -2.92524823e-01 2.00727677e+00 1.205597e+01 2 2475872 2447661 3 2324113 2266874 6 2684231 2540512 19 2105611 2088507 14 2201856 2095667 
0654_1 1111 168.390625     8     5  2.61059613e+00 -3.89323880e-08 9.36718598e-01 2.08291717e+00 1.196599e+01 11 2282666 1833228 2 2523194 2493543 8 12515679 6187261 6 2708818 2585416 14 2176555 2074221 
0654_2 0000 168.390625     8     5  2.52685835e+00 -8.71753079e-08 -3.68515075e-01 5.12151631e-01 1.267682e+01 11 2243179 1809575 6 2697836 2575587 14 2181938 2077046 8 50136747 8190480 3 2334645 2276480 
0655_1 1000 168.632812     8     5  2.25639695e+00 -8.51314066e-09 6.32873710e-01 6.18215162e-01 1.180142e+01 8 5757063 4059493 11 2292803 1826251 14 2196185 2090888 5 2251485 2204661 3 2367442 2308704 
0655_2 0001 168.632812     8     5  2.11797115e+00 -3.92019397e-08 -5.18640738e-01 2.47749266e+00 1.207238e+01 2 2625789 2592492 5 2229639 2184341 3 2364226 2307478 6 2697708 2575725 8 9014048 5095361 
0656_1 1100 168.875000     8     5  2.67632657e+00 -9.97543538e-09 7.83748404e-01 2.88284150e+00 1.180928e+01 2 2539703 2507394 8 6219168 4042892 6 2642927 2514260 5 2241295 2194709 19 2119541 2101869 
0656_2 1001 168.875000     8     5  1.43851415e+00 -8.58143817e-08 -6.12538165e-02 1.28502186e+00 1.218953e+01 2 2505590 2476719 19 2106826 2089794 8 6531664 4216054 3 2380510 2320603 14 2205812 2101241 
0657_1 0110 169.117188     8     5  2.46069261e+00 -1.05011149e-08 8.27460995e-01 8.69055678e-01 1.203520e+01 8 6260058 4008440 11 2313848 1861854 3 2341413 2283365 2 2511996 2481403 6 2797537 2614137 
0657_2 0100 169.117188     8     5  2.26478311e+00 -5.89663965e-09 -1.04888451e+00 2.83323334e+00 1.221226e+01 8 7701400 4362619 5 2269384 2223197 3 2347667 2290257 19 2159263 2141043 11 2378645 1901282 
0658_1 1011 169.359375     8     5  2.40416136e+00 -1.82339817e-08 1.32741281e+00 8.30235261e-01 1.192815e+01 19 2177934 2160112 3 2361147 2303343 5 2289215 2242906 6 2648959 2537564 14 2255099 2145544 
0658_2 1111 169.359375     8     5  2.10017502e+00 -8.72087203e-08 -3.75475833e-01 1.70688208e+00 1.221403e+01 6 2628770 2519076 14 2205193 2103807 8 13151318 5737281 3 2365417 2308409 5 2258802 2212992 
0659_1 0011 169.601562     8     6  2.17848985e+00 -4.23226308e-08 2.70091368e-01 1.17868356e+00 1.258949e+01 5 2304455 2257718 14 2208857 2101862 2 2573828 2543185 11 2307241 1853409 8 6619103 4300702 6 2723661 2584950 
0659_2 1011 169.601562     8     5  1.47591777e+00 -3.81554084e-08 -3.63470510e-01 7.19318012e-01 1.183558e+01 5 2308997 2261311 3 2375210 2317903 14 2213727 2108260 6 2822520 2669895 19 2194191 2175493 
0660_1 1111 169.843750     8     5  1.57346213e+00 -1.13880523e-07 1.25096601e+00 2.42621960e+00 1.215960e+01 14 2201723 2096672 3 2388380 2329497 2 2680428 2644339 6 2688723 2561320 11 2351935 1876423 
0660_2 1100 169.843750     8     6  1.70786641e+00 -1.06461853e-07 -1.14459975e+00 1.50968221e+00 1.278907e+01 5 2267349 2220794 3 2389820 2330258 19 2181278 2163024 14 2223123 2115245 6 2662425 2534617 11 2549622 1925964 
0661_1 0000 170.085938     8     5  2.30697491e+00 -5.75552404e-08 5.85962215e-01 3.01848828e+00 1.185127e+01 14 2191446 2086519 6 2780531 2605369 8 6304332 4242076 2 2673735 2636027 3 2406317 2346014 
0661_2 0010 170.085938     8     6  7.25886668e-01 -3.79916326e-08 -3.29730786e-01 2.63850585e+00 1.294375e+01 2 2708279 2671722 8 6725701 4299389 14 2204205 2099952 11 2317450 1854352 6 2816686 2626509 3 2395918 2337411 
0662_1 0110 170.328125     8     7  2.45885178e+00 3.95053396e-09 1.08176452e+00 1.22745203e+00 2.575020e+01 8 427762715 26744830 6 2200462 2046189 3 4620993 2300279 11 12270674 1854846 14 15924733 2559195 2 4533053 2570090 19 44060335 4584714 
0663_1 1101 170.570312     8     6  6.10655677e-01 -6.57486069e-08 9.35471395e-01 1.70499025e+00 1.289988e+01 11 2505414 1975777 6 2851902 2671843 5 2324494 2277668 2 2699037 2664214 3 2448890 2386800 14 2240967 2138522 
0663_2 1101 170.570312     8     6  1.14464306e+00 -8.84514489e-08 -5.73637778e-01 3.21362637e-01 1.277087e+01 5 2339089 2289420 14 2255931 2150763 6 2846228 2665717 19 2187292 2169423 2 2698793 2664175 3 2447067 2385206 
0664_1 0011 170.812500     8     5  1.74023276e+00 2.71867508e-09 1.15955593e+00 1.87344518e+00 1.205687e+01 8 5984153 3488327 19 1689468 1676244 6 2263701 2110003 5 1778713 1745812 14 1771762 1686988 
0664_2 0000 170.812500     8     5  1.64190273e+00 -1.00653058e-07 -1.28127493e-01 2.20610881e+00 1.250848e+01 3 1941910 1891447 14 1726700 1648028 2 2101744 2074313 8 6851329 3675562 11 2006707 1588168 
0665_1 1101 171.054688     8     5  2.19848735e+00 -8.78533520e-08 4.40413134e-01 2.06441810e+00 1.194046e+01 14 2247093 2141023 8 9841392 5066264 11 2523016 1961563 5 2298485 2252896 2 2735096 2700728 
0665_2 1011 171.054688     8     6  3.59305288e-01 -5.95324436e-09 -9.58458118e-01 7.52107020e-01 1.396670e+01 3 2521183 2455056 19 2211567 2193390 6 2925112 2715470 8 21006439 5813305 11 3627259 2123939 2 2737656 2703914 
0666_1 1101 171.296875     8     5  6.48535586e-01 4.64267791e-09 6.56963122e-01 2.57632678e-01 1.193509e+01 5 2302360 2257102 19 2229578 2211438 2 2739538 2703444 11 2454646 1953251 3 2495690 2429055 
0666_2 0011 171.296875     8     5  2.56278541e+00 -4.77156453e-08 -3.97243552e-01 7.69723945e-01 1.181526e+01 11 2442903 1952472 14 2264428 2156712 2 2736697 2702414 3 2476719 2414074 8 15447158 5649320 
0667_1 1000 171.539062     8     5  2.63525900e+00 -9.34850841e-09 1.33539344e+00 2.55436914e+00 1.208224e+01 5 2344702 2295541 14 2238948 2134622 8 6057948 4258723 3 2540855 2472762 19 2231418 2212629 
0667_2 1111 171.539062     8     5  2.35573121e+00 -1.07926307e-07 -9.95404213e-01 1.06961694e+00 1.254604e+01 11 2361372 1889579 8 15494192 5990848 14 2256868 2149890 6 2813255 2687340 19 2244929 2225874 
0668_1 1111 171.781250     8     6  1.88363428e+00 -2.00462646e-08 5.03914813e-01 2.93140228e+00 1.241851e+01 19 2216664 2198530 14 2300845 2190775 8 7044770 4486079 6 2828245 2693243 3 2486674 2421786 11 2394839 1916155 
0668_2 1001 171.781250     8     5  9.84376132e-01 1.18000330e-09 -4.97308198e-01 2.42030699e+00 1.216672e+01 6 2831140 2696026 2 2802827 2764387 8 7082401 4453539 19 2205290 2187609 5 2317686 2270988 
0669_1 0001 172.023438     8     5  2.03300416e+00 -8.10407973e-08 8.46850764e-01 3.04633427e+00 1.225638e+01 8 7010098 4507556 14 2284351 2177394 6 2803611 2669341 2 2760019 2723193 19 2229303 2211319 
0669_2 1010 172.023438     8     5  8.83371776e-01 -1.02208897e-07 -1.06100257e+00 4.29529798e-01 1.197996e+01 5 2325933 2277539 14 2285615 2176222 8 7807158 4727317 2 2776332 2738318 11 2419425 1933496 
0670_1 1011 172.265625     8     5  2.65917963e+00 -2.21779250e-09 5.41777900e-01 1.60897319e+00 1.237026e+01 8 5036458 3685244 14 2360581 2241810 3 2415018 2354565 19 2295621 2276149 2 2801319 2763879 
0670_2 0101 172.265625     8     6  2.21801945e+00 -2.50161900e-08 -6.65221395e-01 2.79714964e+00 1.270933e+01 11 2351337 1893007 14 2345999 2232580 8 7030132 4553676 3 2454426 2393258 6 2835823 2684333 2 2828166 2789830 
0671_1 1111 172.507812     8     5  1.11283093e+00 -2.30212358e-09 5.22879653e-01 2.95591482e+00 1.206594e+01 5 2376993 2328137 14 2315353 2204976 6 2781807 2656454 2 2784436 2747919 19 2219232 2201226 
0671_2 1011 172.507812     8     5  1.11652437e+00 -6.94560414e-08 -3.35670707e-01 1.26417041e-01 1.226559e+01 14 2334734 2222831 3 2448821 2385728 11 2393074 1924923 6 2782727 2664600 2 2743463 2709667 
0672_1 1011 172.750000     8     5  1.72868817e+00 -1.12006775e-07 5.00134787e-01 1.57251171e+00 1.196544e+01 14 2336122 2224593 19 2267566 2248583 3 2489602 2424806 5 2373358 2324217 6 2837401 2675039 
0672_2 0010 172.750000     8     5  2.07643883e+00 -1.81627548e-09 -3.14732667e-01 2.69977363e+00 1.224647e+01 5 2365773 2314568 19 2241188 2222313 6 2795868 2633807 11 2366184 1901923 3 2486225 2421847 
0673_1 1101 172.992188     8     5  1.25454582e+00 -3.22600760e-08 4.18874959e-01 8.33400197e-01 1.224721e+01 19 2287515 2268564 5 2408879 2356909 8 6806004 4467025 3 2483674 2418096 14 2293399 2189097 
0673_2 0101 172.992188     8     5  2.28061235e+00 -7.21601017e-08 -1.06002906e+00 2.58341228e+00 1.211838e+01 2 2780602 2744838 11 2337497 1880615 14 2314480 2206295 8 7474412 4711524 19 2264369 2245766 
0674_1 1000 173.234375     8     5  2.62749219e+00 -2.86664612e-08 4.26634230e-01 2.68958376e+00 1.238104e+01 8 29216348 6104628 3 1959095 1902435 6 2162280 2069387 2 2143847 2115621 5 1854081 1817013 
0674_2 1100 173.234375     8     5  7.52562335e-01 -6.00074051e-08 -1.09377753e+00 1.34438367e+00 1.215924e+01 5 1854859 1817009 14 1795977 1709326 11 1769977 1425134 19 1775073 1759119 8 64647896 7637903 
0675_1 0011 173.476562     8     5  8.02479374e-01 -2.68852379e-08 9.35492526e-01 1.30043558e+00 1.208885e+01 11 2363909 1909333 19 2272394 2253931 14 2330741 2220118 3 2554694 2485442 8 9541694 5221815 
0675_2 1101 173.476562     8     5  2.62565775e+00 -4.77383519e-08 -2.03105267e-01 2.13546221e+00 1.204292e+01 6 2887507 2749430 2 2911045 2871837 14 2315185 2208752 8 21348241 6196755 11 2412471 1929900 
0676_1 1001 173.718750     8     5  2.75614028e+00 6.92444107e-09 7.05694897e-01 4.27758749e-01 1.245668e+01 14 1833585 1747180 8 5338557 3421375 5 1826151 1791363 3 1948305 1898883 19 1768546 1754115 
0676_2 0101 173.718750     8     5  1.28732037e+00 -2.70011280e-08 -5.92440320e-01 1.36061632e+00 1.199354e+01 3 1993557 1941246 11 1746787 1426106 2 2242373 2213144 8 5660001 3598704 14 1816081 1733384 
0677_1 0100 173.960938     8     5  2.66898032e+00 -2.26679868e-08 1.28864357e+00 2.71018029e+00 1.212754e+01 11 2423032 1922391 14 2391772 2270455 5 2453492 2401735 8 12922430 5262072 19 2232913 2214872 
0677_2 0001 173.960938     8     5  2.82677109e+00 -8.24927321e-09 -8.88043641e-01 7.90757615e-01 1.235777e+01 5 2411074 2362312 2 2845403 2808308 14 2336665 2225975 6 2877434 2744172 8 39818658 6622787 
0678_1 1001 174.203125     8     5  2.66814104e+00 -1.78386645e-08 1.18109330e+00 2.10890207e+00 1.241036e+01 8 32391866 6905448 2 2822182 2785531 11 2386377 1919368 6 2905504 2777249 5 2470517 2417220 
0678_2 0000 174.203125     8     5  1.33833380e+00 -1.09491551e-07 -1.29641270e+00 4.61252978e-01 1.185110e+01 5 2444779 2392438 11 2340786 1887025 3 2558660 2489472 14 2370842 2255013 8 74555572 8812454 
0679_1 1001 174.445312     8     5  2.64981268e+00 -5.11219033e-08 4.34780242e-01 7.75268717e-01 1.208129e+01 6 3048884 2828627 19 2241034 2223796 2 2760252 2726592 3 2544360 2477033 8 5590003 3934354 
0679_2 0111 174.445312     8     5  1.77412162e+00 -5.22820358e-08 -9.23582470e-01 1.69223190e+00 1.187029e+01 3 2527167 2461093 11 2415467 1926877 8 6041147 4102268 19 2266565 2248124 14 2358470 2246893 
0680_1 1101 174.687500     8     5  2.31480683e+00 -5.78888888e-08 8.99931387e-01 3.05304587e+00 1.188797e+01 8 5585877 3981700 14 2354579 2245865 19 2283293 2264667 2 2772938 2738308 11 2412407 1940003 
0680_2 0110 174.687500     8     5  1.69353947e+00 -2.85632872e-08 -7.03418142e-01 6.15810191e-01 1.214616e+01 3 2574929 2507445 19 2275175 2256437 5 2441844 2390393 2 2809819 2769101 8 5767794 4054828 
0681_1 0000 174.929688     8     5  2.75294822e+00 -1.16186416e-08 7.79941424e-01 2.25306240e+00 1.226695e+01 6 2946688 2775861 8 6264393 4120211 11 2477223 1975923 14 2398327 2281392 2 2775802 2740968 
0681_2 1101 174.929688     8     5  1.84940193e+00 -8.15258630e-08 -2.29408978e-01 5.84683105e-01 1.202240e+01 6 2945741 2773060 14 2400560 2284246 5 2431849 2383290 2 2759295 2724952 3 2563936 2497563 
0682_1 1100 175.171875     8     5  2.09371902e+00 -4.23703463e-08 2.62403188e-01 9.03653437e-01 1.215810e+01 6 2915476 2787507 11 2402977 1935405 5 2448160 2399408 19 2343349 2323265 14 2379438 2265052 
0682_2 0001 175.171875     8     6  6.05339199e-01 -2.15124895e-08 -6.55130961e-01 2.72534167e+00 1.252304e+01 5 2429727 2382177 11 2332831 1891006 8 71254604 9568900 19 2314538 2295054 2 2884771 2847091 3 2534007 2471801 
0683_1 1101 175.414062     8     5  2.37332334e+00 -8.00384576e-08 5.74704305e-01 2.85737155e+00 1.205904e+01 14 2380145 2267203 3 2540380 2475897 8 5580268 3876061 6 3042421 2813385 5 2444165 2396355 
0683_2 1010 175.414062     8     5  2.53685601e+00 -3.68347099e-08 -6.81627474e-01 7.09761187e-01 1.185819e+01 6 3068077 2833394 14 2407622 2288223 8 5944812 4051434 5 2412415 2365014 3 2515760 2451587 
0684_1 1110 175.656250     8     5  2.64665401e+00 -4.53866242e-08 5.80317754e-01 1.08067078e+00 1.195718e+01 3 1973446 1921614 5 1896178 1858548 2 2189272 2161454 19 1778063 1763670 8 13182722 4561841 
0684_2 1010 175.656250     8     5  2.49369965e+00 -9.21739330e-08 -1.07841033e+00 3.35714852e-01 1.217214e+01 2 2209363 2179900 14 1876403 1787473 8 25780217 5510846 6 2309793 2161799 3 2002905 1949727 
0685_1 1111 175.898438     8     5  2.03214156e+00 -6.64342699e-08 6.26179314e-01 2.89749652e+00 1.202907e+01 5 1918473 1879391 8 6988852 4030330 3 2096472 2038812 19 1816116 1801263 6 2241071 2143186 
0685_2 0100 175.898438     8     5  2.24237352e+00 -6.54760133e-10 -3.35930043e-01 2.21466945e+00 1.190368e+01 6 2302021 2195138 2 2278743 2244677 3 2045158 1991218 8 17154062 4980213 5 1914583 1874769 
0686_1 0011 176.140625     8     5  1.89437936e+00 -1.88332464e-08 3.50948479e-01 3.00058029e+00 1.198801e+01 8 16416968 5639247 2 2848871 2813352 19 2318757 2300224 14 2375610 2265307 3 2611152 2542488 
0686_2 0000 176.140625     8     5  1.51681666e+00 -6.61294112e-09 -1.12457115e+00 2.07447217e+00 1.294177e+01 2 2808586 2772108 3 2554943 2490787 6 2915393 2785143 8 26452302 6797932 14 2396101 2283077 
0687_1 1011 176.382812     8     5  6.97801474e-01 -1.17484797e-07 1.02515806e+00 2.31291850e+00 1.185195e+01 6 2855355 2733903 14 2400810 2285124 3 2579598 2513982 8 13078601 5269354 11 2462356 1974918 
0687_2 1001 176.382812     8     5  1.42380492e+00 -4.82363612e-08 -8.84404738e-01 6.88358492e-01 1.213619e+01 19 2346072 2326741 11 2481190 1988984 5 2506269 2452992 8 24804901 6266864 3 2593299 2528401 
0688_1 0001 176.625000     8     5  2.09802597e+00 1.33512744e-09 2.05881060e-01 1.84019942e+00 1.226437e+01 8 6365858 4092149 14 2361380 2250168 5 2506442 2455438 2 2931302 2892654 11 2666909 2086557 
0688_2 0010 176.625000     8     5  2.80957393e+00 -2.11977340e-09 -1.11923997e-01 1.86230261e+00 1.179414e+01 11 2535725 2028472 19 2321749 2302481 2 2939557 2899255 5 2429939 2382273 8 6210026 4130704 
0689_1 0101 176.867188     8     5  2.24912136e+00 -1.69935972e-08 1.32583993e+00 2.34079699e+00 1.230783e+01 11 2456041 1974222 5 2477659 2428047 14 2482200 2359835 6 2907992 2776018 8 19991224 7357536 
0689_2 0000 176.867188     8     6  4.99617424e-01 -6.06367766e-08 -8.19885415e-01 2.26534246e-01 1.343969e+01 3 2620008 2552891 6 2966204 2820114 19 2318596 2299683 5 2461815 2413182 2 2905896 2868734 8 55005543 9438344 
0690_1 1101 177.109375     8     5  1.97793223e+00 -1.74247020e-10 5.31552974e-01 1.68005458e+00 1.182721e+01 3 2634222 2568681 19 2338151 2319637 8 7012730 4611421 5 2507759 2455625 2 2912390 2875007 
0690_2 0011 177.109375     8     5  8.04740564e-01 -2.03478716e-08 -1.15743549e+00 2.74511369e+00 1.177828e+01 5 2532286 2453538 8 7250827 4761225 14 2425924 2310387 19 2344890 2325282 11 2574165 2027908 
0691_1 0001 177.351562     8     5  2.81661785e+00 -1.75075634e-08 8.21319241e-01 2.40586007e+00 1.260791e+01 11 2513177 2010675 19 2343098 2324414 8 6505017 4362338 14 2501980 2379338 3 2691635 2622925 
0691_2 1011 177.351562     8     5  2.41189513e+00 -1.04931640e-07 -5.91765284e-01 3.39830395e-01 1.205042e+01 11 2466681 1980136 3 2708165 2637900 5 2472975 2424120 2 2976612 2937556 19 2420410 2399199 
0692_1 1000 177.593750     8     5  2.41486655e+00 -2.40875888e-08 5.93163028e-01 1.27450159e+00 1.191345e+01 3 2659949 2592130 14 2473427 2350087 11 2532087 1993220 8 8916366 5658688 2 2932840 2894649 
0692_2 0010 177.593750     8     6  1.56262235e+00 -2.44943080e-08 -1.07132711e+00 2.28440268e+00 1.256459e+01 14 2462732 2345817 6 2973305 2840517 2 2941262 2902494 3 2639720 2572822 8 24122039 7574372 11 2680581 1993965 
0693_1 0110 177.835938     8     5  1.24068190e+00 -4.81215551e-08 6.63720256e-01 1.56102549e+00 1.195550e+01 19 2380600 2361273 2 2999125 2959249 3 2676157 2606300 14 2470264 2347698 5 2499738 2449463 
0693_2 0010 177.835938     8     5  1.83537413e+00 -1.21240210e-07 -1.81837442e-01 1.23187791e+00 1.211150e+01 11 2688606 2113252 5 2554882 2497642 14 2437565 2320059 8 8885389 4985612 6 3201747 2918476 
0694_1 0110 178.078125     8     5  1.97704064e+00 -1.06806373e-07 1.06352186e+00 2.84352371e+00 1.181160e+01 11 2749425 2119982 19 2444449 2422974 6 3028049 2856424 2 2992533 2951968 8 6859808 4418495 
0694_2 1111 178.078125     8     5  1.89421930e+00 -1.08777735e-07 -6.79902288e-01 2.34293590e-01 1.189361e+01 14 2455853 2335536 5 2506505 2457285 3 2669086 2599806 6 3021624 2860781 8 7475519 4607683 
0695_1 1001 178.320312     8     5  7.92498300e-01 -1.79608724e-08 8.26579078e-01 1.18358318e+00 1.227503e+01 2 2896989 2861225 11 2677222 2096009 6 3081762 2838288 8 6633259 4417843 5 2510786 2461029 
0695_2 1000 178.320312     8     6  2.81583441e+00 3.99495339e-09 -7.71810534e-01 1.58488279e-01 1.264321e+01 8 7748722 4737724 19 2334538 2316006 14 2461376 2342231 2 2883042 2846958 6 3155423 2867695 11 2622816 2090180 
0696_1 0111 178.562500     8     5  2.27186906e+00 -4.79149190e-08 1.02989350e+00 2.90695383e+00 1.167297e+01 14 1827068 1745966 2 2251711 2224430 3 2113694 2059034 11 1976016 1562726 8 5050279 3336489 
0696_2 0110 178.562500     8     5  2.08805032e+00 -1.13224321e-07 -1.18612648e+00 3.74394671e-01 1.196365e+01 3 2079198 2025976 11 1957453 1560371 5 1938129 1899487 6 2318464 2212326 8 5176976 3431174 
0697_1 1100 178.804688     8     6  1.71533811e+00 -1.02513596e-07 3.91593241e-01 2.68566629e+00 1.270677e+01 5 2561255 2509654 19 2429224 2408374 8 15836778 5768252 2 2954267 2916012 6 2940859 2807502 3 2711799 2643085 
0697_2 1000 178.804688     8     5  1.74349404e+00 -1.08067487e-07 -9.59117262e-01 3.12514489e-01 1.215775e+01 3 2729125 2660658 8 29488880 6989176 2 2987811 2944566 14 2470728 2353624 6 3006878 2868091 
0698_1 0001 179.046875     8     5  2.75294628e+00 -1.02170833e-08 8.27129142e-01 2.89519304e+00 1.263242e+01 8 15759948 5539956 5 1975070 1936806 2 2383885 2350479 3 2133687 2079546 11 3164794 1773157 
0698_2 1010 179.046875     8     5  1.24567799e+00 -7.22043177e-08 -3.97879608e-01 2.66278366e+00 1.233295e+01 6 2382330 2228002 3 2120943 2067136 8 52017677 6820386 2 2406131 2373454 19 1865895 1850269 
0699_1 1011 179.289062     8     5  1.34098993e+00 -1.08608122e-07 4.88160697e-01 2.30765279e+00 1.193338e+01 14 1322929 1260537 8 5551033 3100170 6 1644707 1573752 19 1360063 1348696 3 1607721 1563766 
0699_2 1001 179.289062     8     5  9.83924891e-01 -7.63389323e-08 -8.26650333e-01 6.97299809e-01 1.218589e+01 8 18185028 3944210 11 2769542 1304908 6 1658223 1584912 19 1338331 1327892 2 1950495 1916681
