0702_1 1100 180.015625     8     6  1.66045301e+00 -1.07314694e-08 1.50381628e-01 1.47074184e+00 1.306351e+01 6 1591080 1338071 2 4151944 3524605 8 2434731 1735733 3 2371718 2068633 19 1122652 1102124 5 4327791 2890571 
0702_2 1000 180.015625     8     5  1.70302173e+00 -1.54971187e-08 -6.89672475e-01 2.98493193e+00 1.226764e+01 14 1423660 1266497 8 2251717 1659972 3 2614084 2246479 2 3994485 3341615 5 3311531 2581255 
0703_1 1000 180.257812     8     5  7.73330160e-01 -6.86182672e-08 1.17794454e+00 1.21556140e+00 1.207994e+01 5 2615940 2562799 3 2701815 2633124 19 2440657 2420933 2 3001749 2963614 11 2596111 2077495 
0703_2 0011 180.257812     8     6  4.40643879e-01 -8.00595304e-08 -6.03231522e-01 2.38964357e-01 1.250931e+01 5 2592721 2539543 6 3066950 2904439 8 8583438 5077273 11 2571551 2061015 3 2700450 2633118 2 3049521 3009041 
0704_1 0010 180.500000     8     5  4.04781320e-01 -1.05763335e-07 1.17318805e+00 2.87434116e+00 1.185330e+01 3 2752061 2681843 8 7093923 4494186 11 2621380 2082058 5 2607248 2554105 2 3029136 2989131 
0704_2 1010 180.500000     8     5  2.51159048e+00 -3.21937999e-08 -8.50695033e-01 1.07204614e+00 1.212956e+01 5 2590826 2537861 11 2651376 2068659 8 6720912 4455511 14 2513605 2392585 19 2467232 2446093 
0705_1 0101 180.742188     8     5  2.05730105e+00 -3.73941050e-08 8.40851948e-01 2.82813183e+00 1.197254e+01 19 2430036 2410644 6 3247222 3029952 2 3047721 3009445 8 5393726 3898157 11 2597210 2038733 
0705_2 0011 180.742188     8     5  1.79699644e+00 -1.09337091e-07 -6.91409479e-01 2.01522901e-01 1.199672e+01 3 2771952 2701488 2 3129953 3086690 5 2610205 2558280 14 2526073 2406671 8 5671058 3920876 
0706_1 1001 180.984375     8     5  1.96613217e+00 -5.62788501e-09 3.43449415e-01 2.53816608e+00 1.207468e+01 6 3101216 2963022 5 2560711 2510783 8 6765446 4354094 3 2760489 2691515 2 3031612 2993457 
0706_2 1110 180.984375     8     5  2.06595564e+00 -3.64325688e-08 -4.22049872e-01 2.05431249e+00 1.197003e+01 19 2529037 2506650 5 2527801 2479817 11 2626543 2059178 6 3131750 2994329 8 7053628 4491271 
0707_1 0110 181.226562     8     5  2.66157906e+00 -8.23127114e-10 1.44213435e+00 1.29097692e+00 1.227516e+01 8 8381008 5158397 3 2745009 2673938 11 2707896 2089768 5 2580741 2529597 19 2468783 2448267 
0707_2 1110 181.226562     8     5  2.10492210e+00 -5.81152929e-08 -5.21014898e-01 2.03740808e+00 1.189919e+01 2 3085862 3043696 5 2611107 2557237 8 15029510 6111637 19 2477200 2455717 6 3297820 3016479 
0708_1 0111 181.468750     8     5  3.64721852e-01 -2.85728106e-08 7.50621071e-01 2.97062410e+00 1.192556e+01 19 1883864 1868367 3 2111001 2058255 8 5746878 3633227 14 1966050 1869363 11 2091847 1603991 
0708_2 0000 181.468750     8     6  2.45386536e+00 -9.29311011e-08 -2.37557955e-01 9.67310589e-01 1.316133e+01 2 2440553 2405728 6 2465283 2296847 8 7053346 4316130 3 2111870 2060880 19 1911181 1894586 5 1987632 1948538 
0709_1 1010 181.710938     8     5  2.29154629e+00 -2.70426433e-08 3.42491585e-01 1.68962666e+00 1.201149e+01 2 3159364 3116106 14 2521976 2402167 8 7160347 4588155 11 2600253 2087363 6 3536429 3122199 
0709_2 0110 181.710938     8     5  9.71462864e-01 -1.11677063e-07 -7.87033511e-01 1.10332771e-01 1.226278e+01 3 2831261 2758136 8 9683241 5064383 19 2525362 2502729 11 2623146 2099391 6 3551572 3141902 
0710_1 1111 181.953125     8     5  2.60379990e+00 -2.80186053e-08 7.70130509e-01 8.25088875e-01 1.184225e+01 2 2430427 2398241 14 1971620 1878162 19 1900721 1884936 8 4413272 3234377 6 2462546 2338646 
0710_2 1010 181.953125     8     5  9.56837362e-01 -5.33265112e-10 -1.01455844e-01 1.77663186e+00 1.195486e+01 19 1927816 1911244 8 5886268 3657172 2 2400922 2367010 5 2022323 1983254 14 1983329 1889135 
0711_1 0001 182.195312     8     5  2.17277955e+00 -7.05902638e-08 4.50130957e-01 2.48723426e+00 1.207830e+01 2 3109141 3068237 6 3144102 3004430 8 7126316 4663433 19 2479922 2460308 3 2769456 2701700 
0711_2 1110 182.195312     8     5  1.96923894e+00 -3.33155290e-08 -9.43469775e-01 4.17827677e-01 1.218419e+01 3 2794721 2723411 2 3175411 3129973 8 9880159 5174306 14 2578891 2455809 11 2730427 2106252 
0712_1 0000 182.437500     8     5  5.21459705e-01 -2.00405854e-08 1.31567980e+00 2.70073732e+00 1.206465e+01 11 2301239 1723486 2 2357923 2327771 14 1924265 1838747 19 1949800 1932768 6 2662330 2378052 
0712_2 1110 182.437500     8     5  1.68036151e+00 -1.88473592e-10 -2.68906173e-01 1.59114888e+00 1.186543e+01 19 1934784 1918231 14 1937204 1849422 5 2034865 1991438 8 27409413 5845769 3 2131456 2078760 
0713_1 0101 182.679688     8     5  2.63752681e+00 -2.67686688e-08 9.54860287e-01 1.06406764e+00 1.226500e+01 14 2558248 2436448 8 6363910 4428111 19 2477092 2455098 2 3128723 3086210 11 2911014 2208424 
0713_2 1001 182.679688     8     5  2.10961939e+00 -7.38058695e-08 -7.51524582e-01 3.04918222e+00 1.206723e+01 8 6961740 4731469 11 2869751 2170414 14 2573724 2450530 2 3084052 3043590 5 2657834 2604825 
0714_1 0110 182.921875     8     5  2.82789215e+00 2.47443693e-09 6.65676604e-01 2.67408587e+00 1.222952e+01 19 2548118 2526023 6 3434293 3105595 3 2821988 2749550 5 2584368 2535092 8 7658013 4443727 
0714_2 1110 182.921875     8     5  2.18586467e+00 -8.52458177e-08 -1.28137408e+00 2.64708449e+00 1.234294e+01 14 2588431 2467011 3 2795167 2725863 11 2684414 2136359 2 3134632 3091398 19 2525063 2504208 
0715_1 1010 183.164062     8     5  2.12289549e+00 -8.88418047e-08 7.95626199e-01 6.95918769e-01 1.211507e+01 8 6388795 4514578 2 3077601 3037262 3 2775957 2705333 5 2639467 2587342 14 2595160 2472299 
0715_2 0001 183.164062     8     5  2.41076324e+00 -1.05201331e-07 -1.29730422e+00 1.82812380e+00 1.218325e+01 19 2551854 2530057 8 7872623 5139279 2 3100159 3061706 5 2662276 2607469 3 2751636 2685306 
0716_1 0101 183.406250     8     5  2.63371466e+00 -2.96289940e-08 5.38142911e-01 1.80853156e+00 1.189328e+01 6 3256482 3075340 14 2625094 2500233 2 3255579 3210277 19 2530040 2509284 8 6415942 4472276 
0716_2 1010 183.406250     8     6  2.54028134e+00 -2.56948921e-08 -7.03858495e-01 1.67258339e+00 1.301862e+01 2 3178281 3135219 5 2733933 2676534 14 2602005 2479204 6 3233943 3067349 11 2645926 2076523 3 2847934 2775537 
0717_1 0111 183.648438     8     5  1.16193806e+00 -3.30908703e-08 1.07947258e+00 3.03379321e+00 1.229460e+01 3 2809608 2738220 8 5489499 3991985 2 3200522 3157643 5 2673858 2620658 11 2844637 2148538 
0717_2 1010 183.648438     8     5  2.49869919e+00 -2.40028051e-08 -1.46235998e+00 1.84606997e+00 1.202120e+01 14 2635382 2506724 19 2595384 2572362 3 2815530 2745217 2 3194012 3150091 8 5480710 4029543 
0718_1 1111 183.890625     8     5  2.35508339e+00 3.24486489e-09 1.09496469e+00 2.69059576e+00 1.180808e+01 14 2051288 1951243 19 1979603 1963260 3 2179629 2125078 5 2083973 2041151 2 2436155 2403931 
0718_2 0010 183.890625     8     5  7.61466277e-01 5.09876349e-09 -1.11172999e+00 3.56083484e-01 1.230741e+01 3 2195395 2140285 5 2057008 2014360 6 2544772 2352760 2 2365500 2337301 8 11532392 4811239 
0719_1 1111 184.132812     8     5  2.45934518e+00 -8.18183632e-08 4.88780725e-01 1.20282049e+00 1.202472e+01 14 2634984 2508075 6 3646745 3217535 3 2864073 2790378 2 3203913 3160118 5 2764962 2704141 
0719_2 0110 184.132812     8     6  2.55328896e+00 -2.77907534e-08 -5.75976457e-01 7.68201670e-02 1.282938e+01 8 5986240 4255754 6 3621041 3201318 5 2710548 2654515 14 2631964 2506871 11 2738090 2172842 3 2862852 2789782 
0720_1 1010 184.375000     8     5  2.67097178e+00 -5.99139031e-09 5.40038159e-01 2.98328132e+00 1.190706e+01 2 2426319 2394955 19 1986400 1969201 5 2063781 2023081 3 2187575 2132323 11 2067475 1644777 
0720_2 1011 184.375000     8     5  8.43816072e-01 -1.52696290e-08 -4.12472966e-01 1.90499826e+00 1.175800e+01 6 2888998 2502575 14 2058011 1957883 3 2210079 2153800 5 2058989 2016552 2 2466526 2433524 
0721_1 0110 184.617188     8     5  1.80841096e+00 -4.38852569e-09 6.51554133e-01 3.07351827e+00 1.195312e+01 6 3533433 3161340 8 7662130 5123778 11 2867568 2193855 14 2699433 2567951 3 2853701 2782580 
0721_2 1011 184.617188     8     5  2.28512099e+00 -8.20572025e-08 -1.34827665e-01 1.14382470e+00 1.185661e+01 14 2670966 2542013 8 11319755 6075522 5 2748282 2690240 6 3600445 3236995 3 2860056 2789010 
0722_1 0110 184.859375     8     5  1.20002517e+00 -2.64277235e-08 2.86574505e-01 1.93672428e+00 1.215553e+01 5 2077944 2036711 8 4331641 3097037 11 2059741 1649820 2 2374282 2345619 6 2775890 2418480 
0722_2 1000 184.859375     8     6  3.81796077e-01 4.52740932e-09 -5.32767832e-01 4.86539786e-01 1.270916e+01 6 2793865 2445511 2 2386061 2356252 8 4615006 3233819 19 1965574 1950077 14 2010063 1915267 5 2066721 2026153 
0723_1 1111 185.101562     8     5  2.47187094e+00 2.97145563e-09 2.08274619e-01 6.57984249e-01 1.179235e+01 2 3177955 3137647 3 2865787 2794106 14 2637687 2511932 11 3012956 2229833 8 6716865 4898771 
0723_2 0101 185.101562     8     5  2.29901727e+00 -1.12102802e-07 -1.27832653e+00 7.61534541e-01 1.230007e+01 14 2604392 2483567 2 3230716 3187335 8 9961753 6112786 11 2822522 2220830 3 2852923 2783465 
0724_1 1010 185.343750     8     5  1.74078863e+00 -8.38349164e-08 5.60891631e-01 1.07356479e+00 1.198305e+01 5 2780065 2722052 8 6196403 4561340 11 2938378 2214071 19 2546501 2524501 14 2694646 2562545 
0724_2 0111 185.343750     8     5  1.33768810e+00 -9.63021205e-08 -3.52912447e-01 2.49168426e+00 1.220990e+01 3 2851044 2778721 5 2759011 2701724 2 3271285 3226909 6 3318131 3163524 8 6191709 4471813 
0725_1 0100 185.585938     8     5  2.07845742e+00 -9.25542676e-08 7.47614277e-01 5.86300761e-01 1.212310e+01 5 2765023 2708154 2 3169580 3128818 8 6245270 4278246 11 2972985 2232881 19 2577457 2556179 
0725_2 1100 185.585938     8     5  7.21248172e-01 -9.37876452e-08 -3.64123243e-01 9.33129140e-01 1.206312e+01 6 3749490 3271201 3 2830213 2762519 8 6220462 4330034 14 2702376 2569598 19 2528744 2507981 
0726_1 0000 185.828125     8     5  2.27609295e+00 -1.76080325e-08 8.93538427e-01 2.68220206e+00 1.238511e+01 11 3007893 2202981 5 2738387 2683205 3 2880647 2809732 19 2596079 2575202 8 7196870 5080957 
0726_2 1010 185.828125     8     5  2.50170732e+00 -9.64951200e-08 -1.79797086e-01 1.93746311e+00 1.191490e+01 5 2733582 2678669 8 12575752 6244583 19 2564747 2543942 3 2929170 2854088 6 3694350 3275223 
0727_1 0100 186.070312     8     5  1.55556755e+00 -9.90252612e-08 1.34354013e+00 1.08304054e+00 1.226166e+01 11 3263227 2263028 14 2667997 2541545 19 2554486 2532893 5 2756228 2699957 6 3786030 3309464 
0727_2 0111 186.070312     8     5  2.54347112e+00 -3.86762330e-08 -4.62059039e-01 2.00333185e+00 1.221247e+01 2 3310214 3262974 11 3699908 2272528 19 2595196 2573151 6 3909697 3350239 5 2730216 2674822 
0728_1 1101 186.312500     8     5  2.82660364e+00 -8.04658151e-09 8.00765230e-01 1.19224924e+00 1.230721e+01 8 8931627 5455594 5 2722684 2670195 19 2594861 2574128 14 2728453 2596726 11 2829497 2203630 
0728_2 0011 186.312500     8     5  1.49639990e+00 -6.00596096e-08 -4.65426478e-01 7.51538809e-01 1.199200e+01 2 3145709 3106938 19 2607575 2586215 14 2741901 2610327 8 16454220 6909219 3 2883704 2810934 
0729_1 1100 186.554688     8     5  1.59007800e+00 -1.43737805e-08 5.26450695e-01 2.67572687e+00 1.184775e+01 14 2677621 2550346 8 17309174 6676837 5 2746941 2692477 2 3230984 3187398 6 3385400 3175751 
0729_2 0100 186.554688     8     5  2.85941555e+00 -9.22425751e-10 -7.02188688e-01 2.47902579e+00 1.208070e+01 8 37845524 8474047 6 3338373 3123876 14 2687453 2559597 2 3152191 3112473 3 2852746 2784416 
0730_1 1010 186.796875     8     5  3.11902078e-01 1.81116059e-09 1.13165951e+00 2.79505220e+00 1.232942e+01 8 15393291 6342106 6 3372155 3214872 19 2608522 2586349 5 2769444 2712493 14 2682491 2556487 
0730_2 1011 186.796875     8     5  5.12598479e-01 -1.69177767e-08 -8.02193475e-01 2.21634736e+00 1.214439e+01 2 3220089 3177901 11 2789750 2184973 5 2730647 2675058 6 3322049 3161424 19 2613018 2591318 
0731_1 0001 187.039062     8     5  2.20931626e+00 -6.55983126e-08 1.25363204e+00 1.39584079e+00 1.206622e+01 8 11212783 5817120 11 2790338 2215824 6 3417445 3246142 3 2947623 2872074 5 2770983 2712742 
0731_2 1000 187.039062     8     5  2.41926777e+00 -8.29812557e-08 -7.35599882e-01 2.92818703e+00 1.211902e+01 3 2925326 2852714 11 2766978 2217321 8 27050136 7018856 2 3295255 3250651 14 2723729 2594835 
0732_1 1110 187.281250     8     5  2.10173969e+00 -6.52296373e-08 1.26812225e-01 2.38363183e+00 1.211708e+01 8 8728332 4441110 6 2594961 2472666 5 2079989 2041101 19 2001662 1984964 14 2064775 1966694 
0732_2 0100 187.281250     8     6  2.33221474e+00 -1.13330079e-08 -1.32751567e+00 2.46047236e-01 1.271276e+01 3 2227732 2172688 14 2060131 1963005 8 26094720 6106293 19 2031138 2012611 2 2457254 2425754 6 2607252 2469937 
0733_1 0100 187.523438     8     5  2.46397400e+00 -9.80020121e-08 4.31399347e-01 9.45693719e-01 1.199805e+01 2 3180208 3140212 3 2913133 2839627 5 2731757 2678169 19 2652770 2630759 8 11717256 6122945 
0733_2 1110 187.523438     8     5  2.04002426e+00 -3.80211240e-08 -2.44028947e-01 1.52783621e+00 1.236314e+01 14 2701644 2578685 3 2907793 2835853 5 2740315 2685863 19 2639443 2617009 6 3369624 3214770 
0734_1 0111 187.765625     8     5  6.85016832e-01 -1.51684579e-08 1.35865423e+00 2.00517966e+00 1.221607e+01 19 1992984 1976868 3 2270749 2210479 5 2158068 2113702 2 2578466 2539266 8 4490461 3212235 
0734_2 0100 187.765625     8     5  1.18570207e+00 7.60886060e-09 7.21275248e-04 1.92868767e+00 1.211581e+01 8 4641711 3348323 19 2007527 1991039 5 2138085 2093532 6 3111059 2582114 3 2261577 2203598 
0735_1 0000 188.007812     8     5  1.82543085e+00 -6.08665482e-08 1.15954551e+00 1.56025439e+00 1.195443e+01 6 3940324 3381101 8 6682218 4507388 14 2684747 2561509 5 2795490 2739963 11 2910583 2252010 
0735_2 1101 188.007812     8     5  1.30056329e+00 -9.17693287e-08 -9.78100987e-01 9.13215958e-01 1.207096e+01 6 4019254 3429234 11 2746311 2208990 2 3210338 3168668 19 2679805 2657360 8 6392858 4377492 
0736_1 0001 188.250000     8     6  5.34010660e-01 -4.43239569e-08 6.76398058e-01 1.64997571e-01 1.239442e+01 14 2428126 2308240 6 2999598 2826892 19 2397093 2377764 3 2545544 2481757 8 4950467 3721567 5 2443914 2395891 
0736_2 0111 188.250000     8     6  1.45463059e+00 -1.10896662e-07 -9.27702048e-01 2.30626389e+00 1.283345e+01 2 2852384 2811893 8 5468924 3940833 19 2427027 2406323 6 3017962 2799053 14 2430012 2312519 5 2425965 2379203 
0737_1 1111 188.492188     8     5  9.62536790e-01 -3.81602216e-08 1.12051252e+00 2.83401141e+00 1.185554e+01 8 6947852 4649438 19 2605190 2584286 2 3230753 3188969 11 2766970 2221684 6 3439049 3219513 
0737_2 1001 188.492188     8     5  1.32761654e+00 1.62067864e-09 -8.29506163e-01 7.08519867e-01 1.174629e+01 8 9854494 5001973 3 2905067 2833534 2 3249028 3205805 11 2760146 2219880 5 2836918 2777711 
0738_1 0111 188.734375     8     5  2.67626664e+00 -8.31492230e-10 9.46171607e-01 1.42968454e+00 1.241643e+01 5 2761165 2706271 2 3338223 3292584 14 2738114 2607958 11 2846435 2258180 8 6154726 4327201 
0738_2 1010 188.734375     8     5  1.87503078e+00 -1.87619180e-08 -8.81400786e-01 1.11182044e+00 1.196929e+01 5 2790044 2733180 8 6170577 4370063 19 2672943 2649952 2 3348458 3302430 3 2953515 2879390 
0739_1 0011 188.976562     8     5  1.33397698e+00 -6.01633947e-08 8.67250619e-01 4.93174482e-01 1.221720e+01 3 2957694 2882140 5 2822159 2766519 8 8479188 5227349 2 3307655 3263968 6 3878266 3313123 
0739_2 1101 188.976562     8     5  2.19785843e+00 -3.91701620e-08 -5.78246935e-01 2.35334419e+00 1.200009e+01 2 3331213 3285945 19 2666511 2644809 14 2801662 2660548 5 2790639 2736156 6 3988074 3372638 
0740_1 1101 189.218750     8     6  8.69749399e-01 -9.59923507e-08 4.96358514e-01 7.88303342e-01 1.282421e+01 11 3007542 2347697 5 2775000 2722167 2 3238037 3196673 19 2647371 2626483 14 2741717 2612549 8 16362296 6815049 
0740_2 0011 189.218750     8     5  2.19770531e+00 -1.15744272e-07 -1.41690541e-01 1.14585969e+00 1.195570e+01 5 2755891 2701439 2 3225475 3184061 8 43347073 8214454 19 2675198 2653249 14 2794360 2657127 
0741_1 1011 189.460938     8     6  4.77687696e-01 -5.18797954e-08 9.03183616e-01 5.64900186e-01 1.264260e+01 8 7606297 4857313 19 2743697 2719588 3 2988789 2911030 2 3327290 3283231 14 2784648 2651109 5 2823286 2767452 
0741_2 1100 189.460938     8     5  6.48416959e-01 -8.41118990e-08 -4.31349644e-01 2.23299903e+00 1.205862e+01 8 11293922 5531507 14 2776962 2641663 3 3001225 2924337 2 3313222 3270347 5 2894452 2833846 
0742_1 1100 189.703125     8     5  2.63160911e+00 -9.81667323e-09 1.00000595e+00 2.80286715e+00 1.244972e+01 8 6963938 5009606 19 2726635 2703915 6 3496222 3247398 3 2973817 2900172 11 3116870 2358868 
0742_2 0110 189.703125     8     5  2.48537123e+00 -6.82685832e-08 -2.84137827e-01 1.50404598e+00 1.193948e+01 19 2704488 2681640 2 3337262 3292119 3 2984718 2910020 14 2809488 2676105 8 10946739 6202047 
0743_1 0100 189.945312     8     5  2.72909378e+00 -2.92597213e-08 1.07171834e+00 1.85133885e+00 1.199405e+01 11 2842522 2279959 14 2853438 2718895 3 2945452 2872946 6 3539117 3363365 8 6517167 4486657 
0743_2 0000 189.945312     8     5  2.67412110e+00 3.29724544e-09 -8.58972060e-01 1.46774768e+00 1.197488e+01 5 2838757 2781604 19 2710635 2688027 2 3271252 3230882 6 3516237 3349226 8 6961806 4722017 
0744_1 0001 190.187500     8     5  9.25609290e-01 -3.93818061e-08 6.17899087e-01 2.12614462e+00 1.211571e+01 11 2409706 1710529 19 2044837 2028254 2 2555979 2521596 3 2270279 2214879 8 9615407 3959827 
0744_2 0110 190.187500     8     5  2.11177577e+00 -3.96886028e-08 -2.86112659e-01 8.26799868e-01 1.216184e+01 5 2187448 2143594 6 2670285 2548454 19 2072200 2054876 3 2296833 2238910 14 2153091 2051498 
0745_1 0000 190.429688     8     5  2.94828445e-01 -9.99035471e-08 2.28128668e-01 4.71921198e-01 1.254324e+01 2 3319328 3277286 5 2811430 2756502 8 6514264 4735515 11 3166659 2296784 6 3935156 3347780 
0745_2 1111 190.429688     8     6  1.95730512e+00 -1.11559993e-07 -6.89182390e-01 1.16799373e+00 1.254550e+01 14 2783860 2655142 2 3360564 3315358 11 3028070 2305583 19 2731632 2709385 8 8323191 5285605 5 2842188 2784090 
0746_1 0011 190.671875     8     5  2.41166780e+00 -8.66765152e-08 9.79295510e-01 2.52024712e+00 1.193192e+01 6 3475588 3315867 2 3338938 3295220 14 2811955 2676710 3 3068510 2988362 11 3016575 2354095 
0746_2 0101 190.671875     8     5  2.44650533e+00 -5.56434064e-08 -7.85371992e-01 4.04677469e-01 1.229357e+01 5 2860256 2803952 11 3055639 2297191 19 2796280 2762087 8 37384554 9778040 2 3324393 3282597 
0747_1 0000 190.914062     8     8  1.44970763e+00 -1.03642197e-07 1.51654542e-01 3.45319009e-01 1.935141e+01 5 2930621 2857160 14 4199733 3024294 8 7630882 5221797 3 3017187 2941870 6 3965470 3456711 2 3802004 3623610 19 3233380 3045091 11 3884484 2474015 
0747_2 0100 190.914062     8     8  1.44703351e+00 -1.06319030e-07 -4.58382930e-01 1.81490225e-01 2.398417e+01 11 4772946 2518558 14 4709874 3155904 8 9730403 5820959 6 4060951 3544250 2 5142772 4066738 3 2975149 2902655 19 3590053 3133942 5 3068573 2910893 
0748_1 0111 191.156250     8     5  2.09114725e+00 -6.39867722e-08 7.64543775e-01 1.42592093e+00 1.201619e+01 8 6398989 4207420 19 2535629 2515529 11 2604940 2037417 5 2701474 2643274 6 3082068 2940871 
0748_2 1001 191.156250     8     5  1.64863979e+00 -4.39264725e-08 -9.30566714e-01 1.44205980e-01 1.217022e+01 19 2610248 2588042 14 2488454 2371503 8 6626975 4449150 2 3188672 3146345 5 2687178 2628655 
0752_1 0100 192.125000     8     6  1.71348392e+00 -2.23452275e-08 4.07007807e-02 1.14291054e+00 1.303074e+01 5 2662758 2606790 19 2514859 2493316 8 8864474 4892570 14 2483530 2363480 2 3294436 3251892 3 2891963 2818859 
0752_2 1110 192.125000     8     5  2.70859942e+00 8.75222836e-09 -7.76508519e-01 1.55070782e+00 1.256210e+01 5 2660738 2602779 3 2888855 2816169 8 18025405 6017275 6 3037771 2911626 2 3197392 3158971 
0753_1 1100 192.367188     8     5  1.10034561e+00 -6.41785801e-08 6.42395309e-01 2.70653442e+00 1.205940e+01 8 6932599 4906224 2 3383604 3340955 3 3011713 2937594 5 2948196 2890046 14 2893136 2749270 
0753_2 1001 192.367188     8     5  2.20542250e+00 5.91210803e-09 -8.05581133e-01 2.65637772e+00 1.194108e+01 14 2836225 2704560 3 3075233 2998574 8 7061944 5023296 2 3350320 3309653 19 2809811 2782151 
0754_1 0001 192.609375     8     5  1.42841870e+00 -1.51655466e-09 9.95048487e-01 1.28746104e+00 1.200866e+01 19 2778807 2755968 8 9641264 5725528 3 3050853 2974331 2 3398856 3354793 14 2893161 2752351 
0754_2 0011 192.609375     8     6  1.75345596e+00 -1.04433298e-07 -1.02445693e+00 3.01665703e+00 1.271729e+01 5 2927063 2865934 8 19646422 6908733 11 3124132 2423226 14 2912454 2770485 6 3606935 3428926 2 3430607 3386415 
0755_1 1010 192.851562     8     5  2.51611788e+00 -7.84958838e-08 1.01881193e+00 2.57397059e-01 1.190799e+01 2 3449910 3404610 11 3194605 2473661 3 3136179 3055551 19 2757064 2734514 6 3643847 3415419 
0755_2 1011 192.851562     8     5  2.40658372e+00 -2.12872812e-08 -6.59352553e-01 1.22813852e+00 1.197394e+01 3 3081008 3004621 2 3514763 3465973 5 2917570 2857932 19 2804479 2779737 8 5984124 4404673 
0756_1 0111 193.093750     8     5  1.95118711e+00 -5.00626539e-08 6.77659774e-01 2.99360206e+00 1.213079e+01 5 2242167 2196983 8 4374581 3152259 2 2580498 2547929 6 2728925 2601265 3 2317221 2258683 
0756_2 0111 193.093750     8     5  2.13983980e+00 -5.39606862e-08 -5.26431441e-02 1.47664693e+00 1.227376e+01 14 2189484 2083153 5 2247812 2201496 2 2551377 2519579 3 2310327 2254024 8 4269485 3157732 
0757_1 1011 193.335938     8     5  2.26111123e+00 -1.24953012e-09 1.18813892e+00 9.39790420e-01 1.186260e+01 11 3246658 2319407 6 4184434 3493069 8 6488563 4626690 14 2862725 2726796 19 2774847 2752147 
0757_2 1011 193.335938     8     5  1.71505112e+00 5.40688451e-09 -1.31744617e-01 1.16780173e+00 1.188071e+01 8 6656255 4633638 5 2922813 2864352 19 2778939 2755625 14 2920493 2780701 11 2949241 2329474 
0758_1 1111 193.578125     8     5  2.34464798e+00 -2.90192524e-08 7.17038972e-01 9.52962958e-01 1.194950e+01 19 2154258 2135952 2 2588837 2556308 14 2162532 2061749 6 2701098 2580242 8 5916971 3725500 
0758_2 0100 193.578125     8     5  2.12418748e+00 -1.71967377e-08 -6.95110002e-01 1.80815832e+00 1.227386e+01 2 2574605 2542952 3 2335096 2278727 19 2121741 2104146 5 2203082 2159668 8 9723167 4305142 
0759_1 1101 193.820312     8     5  1.57981199e+00 -3.61719899e-08 1.09353724e+00 5.63156886e-01 1.227463e+01 19 2839463 2815633 2 3531634 3483846 6 3542374 3358256 8 6416083 4656808 3 3163959 3080962 
0759_2 0111 193.820312     8     5  1.40284443e+00 -1.98209201e-08 -9.67402168e-01 5.71095720e-01 1.183234e+01 3 3139354 3058129 6 3613959 3417194 11 2902563 2324803 2 3457437 3410316 5 2974369 2912808 
