0448_1 1010 118.500000     8     5  1.03801327e+00 -7.94375528e-08 4.59383698e-01 2.60130729e+00 1.236074e+01 11 1122962 886144 5 1111744 1088907 2 1212549 1199277 8 26690496 2516564 14 1091069 1034476 
0448_2 1011 118.500000     8     5  1.17992259e+00 -2.08306348e-08 -4.19968508e-01 3.24605184e-01 1.208465e+01 5 1116789 1093677 14 1091778 1034426 2 1220066 1205693 8 27052161 2359351 3 1174299 1143696 
0449_1 0010 118.742188     8     5  3.60650447e-01 -1.43211853e-08 1.10710508e+00 2.51869397e+00 1.196163e+01 14 1073179 1020076 8 11225883 2759582 2 1188194 1175617 11 1167234 903648 5 1128237 1099861 
0449_2 1101 118.742188     8     6  2.35952820e+00 -5.37370901e-08 -8.33793729e-01 2.83971339e+00 1.275077e+01 6 1231975 1176407 8 18348659 3557256 5 1101518 1078545 2 1195183 1182351 3 1214212 1182315 14 1073514 1020994 
0450_1 0001 118.984375     8     6  1.43123543e+00 -3.09171628e-08 6.74833169e-01 1.00482793e+00 1.288203e+01 2 1261071 1245084 19 1039772 1032173 3 1184709 1153081 11 1102694 871350 8 7483300 2795511 6 1285322 1215447 
0450_2 0011 118.984375     8     5  1.71129241e+00 -6.21841355e-08 -8.04457403e-01 1.87183451e+00 1.256295e+01 3 1172607 1142120 14 1077851 1023566 2 1247422 1232472 8 18510079 3979288 19 1062618 1054165 
0451_1 1110 119.226562     8     5  1.72579493e+00 -1.63262848e-08 1.06920423e+00 1.33981770e+00 1.181853e+01 6 1113175 1049637 2 1036326 1023927 3 977152 951615 5 950049 931034 14 877241 834073 
0451_2 1000 119.226562     8     5  2.63774387e+00 -2.28924050e-08 -2.78975674e-01 2.05011637e+00 1.186743e+01 8 25199390 3810409 2 1043415 1031527 19 873946 867480 14 892490 848614 3 980593 956459 
0452_1 0111 119.468750     8     5  1.81726263e+00 -2.92027122e-08 1.14871513e+00 5.97053016e-01 1.197008e+01 14 827629 786857 8 29946843 2293537 3 933394 908782 6 996078 943895 11 811922 642537 
0452_2 1111 119.468750     8     5  1.49898736e+00 -6.45943791e-08 -1.32008225e+00 9.54827110e-01 1.246172e+01 8 30171187 2574652 3 937742 913955 19 816107 810215 2 1002792 990990 6 998691 945064 
0455_1 1001 120.195312     8     6  1.23833749e+00 3.58920136e-10 1.30481805e+00 1.69169367e+00 1.288483e+01 3 1405186 1298170 5 1227386 1181707 6 1296138 1233823 2 1511952 1414129 19 1080994 1072344 8 6627668 2650120 
0455_2 1111 120.195312     8     5  1.41890798e+00 6.21399776e-09 -8.10913562e-01 1.30496071e+00 1.287577e+01 3 1392602 1277333 2 1456064 1407403 8 12008919 3110966 14 1081455 1031191 5 1239176 1183553 
0456_1 0000 120.437500     8     5  2.25610943e+00 -2.85565168e-08 7.78598004e-01 6.38460928e-01 1.172852e+01 2 1077984 1065577 6 1088163 1034601 5 957030 938992 11 1024268 802146 19 876615 870297 
0456_2 0101 120.437500     8     5  1.47458665e+00 -6.26469670e-08 -9.54886576e-01 1.45010901e+00 1.184988e+01 5 958327 938696 6 1121008 1059537 8 27561091 2830685 2 1081309 1068913 19 889439 882932 
0457_1 0000 120.679688     8     5  2.09714291e+00 -1.12552953e-07 1.11299458e+00 2.51818044e+00 1.182560e+01 6 1391748 1309896 5 1151173 1128018 19 1078871 1070778 8 9882850 3240496 11 1165023 926202 
0457_2 0101 120.679688     8     5  1.59205354e+00 -1.78839396e-08 -8.73245616e-01 1.30329438e+00 1.222127e+01 6 1382958 1306906 5 1129649 1108044 2 1308596 1292809 11 1148590 914653 8 16544777 3623905 
0458_1 1000 120.921875     8     5  9.12286136e-01 3.37767022e-09 1.35867510e+00 1.25804852e+00 1.261655e+01 3 1249747 1204343 2 1321747 1303520 5 1160083 1136804 8 4389661 2421185 6 1384003 1319237 
0458_2 0111 120.921875     8     6  2.27019494e+00 -8.53839753e-08 -3.11565392e-01 1.00078054e+00 1.262038e+01 14 1132418 1076595 5 1187193 1160511 19 1117053 1107784 3 1256983 1212617 6 1383949 1317938 11 1157761 922711 
0459_1 0101 121.164062     8     5  2.57667901e+00 -5.60482205e-08 6.52843986e-01 2.46480897e+00 1.210976e+01 5 1177469 1153429 2 1311165 1295424 3 1209680 1179389 8 8688882 3345182 14 1154417 1096050 
0459_2 0000 121.164062     8     5  3.23639359e-01 -2.22603237e-08 -1.24651791e+00 1.25075610e+00 1.226623e+01 11 1139094 912434 8 23704042 4743356 6 1349437 1282006 2 1287514 1273366 5 1169074 1145762 
0460_1 0111 121.406250     8     5  7.96587770e-01 -2.23100780e-08 9.31639569e-01 2.12301591e+00 1.230131e+01 3 1020218 993480 11 975447 770017 14 936857 892630 6 1090010 1040074 5 977703 958351 
0460_2 1100 121.406250     8     5  2.46346281e+00 7.07457012e-10 -9.72689377e-01 4.03978797e-01 1.191074e+01 11 989948 783924 19 898793 892075 5 995981 974857 3 1017960 993157 8 16438560 4075292 
0461_1 1111 121.648438     8     5  2.21274446e+00 -1.21937733e-07 5.94788252e-01 2.88374378e+00 1.195830e+01 8 24492195 3445495 14 1128093 1074989 6 1363074 1289478 19 1144574 1134823 5 1179167 1154632 
0461_2 1011 121.648438     8     5  2.25892041e+00 -6.61272636e-08 -1.15672605e+00 2.57509003e+00 1.220328e+01 8 35064198 4146563 11 1186374 936626 6 1389106 1313241 19 1120260 1111357 2 1329379 1312810 
0462_1 1001 121.890625     8     6  1.66724548e+00 -1.02960180e-07 6.09497989e-01 1.04293489e+00 1.269090e+01 14 1161765 1106096 19 1102828 1094637 5 1188147 1164096 2 1313038 1297323 3 1255915 1222279 8 39081431 4861981 
0462_2 1110 121.890625     8     5  1.09945558e+00 -7.98751408e-08 -4.43781395e-01 1.63705969e+00 1.203602e+01 3 1259859 1226721 2 1325669 1308154 19 1115295 1106539 8 65820437 6078533 6 1302353 1245479 
0463_1 1100 122.132812     8     5  2.42763526e+00 7.64916144e-09 5.62853852e-01 1.75718192e+00 1.167475e+01 2 1065342 1053894 11 994911 747342 19 978170 965042 3 1024999 996300 5 1026551 1001521 
0463_2 0100 122.132812     8     5  1.61198872e+00 -4.37654486e-08 -1.08080868e+00 1.73081415e+00 1.219265e+01 11 970732 740729 3 1033465 1004350 5 1025953 1002024 8 4999122 1929587 2 1058483 1046982 
0464_1 0010 122.375000     8     5  2.82168086e+00 1.02267032e-09 8.07893173e-01 2.62895834e+00 1.279207e+01 14 945194 901643 8 20999144 4034247 3 1023813 997182 6 1122314 1069097 19 926804 919788 
0464_2 1001 122.375000     8     5  2.64162403e+00 -4.96864135e-08 -8.44545042e-01 7.19285863e-01 1.247752e+01 3 1014385 989635 5 967702 948563 19 944095 936965 8 55200687 5310502 2 1105776 1093212 
0465_1 0101 122.617188     8     5  2.81286660e+00 -3.98215224e-09 1.02475699e+00 2.77161714e+00 1.257150e+01 8 37997278 4311218 3 1029725 1004112 5 987410 967117 6 1152506 1094458 14 978501 930922 
0465_2 0110 122.617188     8     5  2.60781643e+00 -4.08497875e-08 -1.19238622e-01 2.13387612e+00 1.246817e+01 8 62793584 5504620 19 916353 909247 14 978492 931348 11 996436 788494 2 1102269 1089867 
0466_1 1010 122.859375     8     5  1.57406131e+00 -1.00554517e-07 1.28409021e+00 1.95625853e+00 1.182565e+01 11 1243409 994136 14 1162405 1107615 3 1275460 1241302 8 7586632 3472671 5 1193754 1170771 
0466_2 0101 122.859375     8     5  2.47993733e+00 -6.68732246e-08 -2.52324997e-01 1.27694570e+00 1.258032e+01 5 1192567 1168581 8 26852013 4788488 11 1275033 1010184 3 1269751 1237697 6 1366832 1304385 
0467_1 1110 123.101562     8     5  1.15159075e+00 -1.26685138e-08 4.83492721e-01 1.51517827e+00 1.220449e+01 2 1352375 1336459 11 1232099 984424 6 1373822 1308709 8 15772543 3996074 19 1129072 1120414 
0467_2 0011 123.101562     8     5  1.22092724e+00 -8.53271060e-08 -4.94230921e-01 5.03183345e-01 1.215277e+01 19 1134230 1125049 5 1191306 1166371 14 1175283 1118952 8 38661599 5277553 6 1366617 1304008 
0468_1 1010 123.343750     8     5  8.44000380e-01 -6.74967693e-08 5.74547476e-01 7.04123522e-01 1.207967e+01 6 1203200 1139574 8 4923640 1873080 14 980559 932629 5 996800 977243 3 1089543 1060012 
0468_2 0011 123.343750     8     5  1.06189729e+00 -5.09604343e-08 -8.33087094e-01 1.88932589e+00 1.215312e+01 19 922037 915159 5 988048 968249 8 4976333 1923266 3 1065420 1037600 2 1109864 1096886 
0469_1 1001 123.585938     8     5  4.68434204e-01 -4.04608349e-08 9.42166755e-01 1.23746036e+00 1.191977e+01 6 1378942 1313592 3 1297951 1265192 11 1211101 964348 2 1387416 1370848 8 16949371 4614964 
0469_2 0100 123.585938     8     5  4.48114780e-01 -6.76243749e-08 -3.37373656e-01 1.89893104e+00 1.284726e+01 5 1207138 1183432 8 54407793 6417302 11 1225049 978669 14 1193670 1135066 6 1407632 1339105 
0470_1 0111 123.828125     8     5  2.57569287e+00 -2.91558812e-08 5.23956225e-01 2.89062004e+00 1.234676e+01 8 9708256 3714212 6 1419840 1349687 2 1363994 1347062 3 1289347 1254945 5 1210354 1184795 
0470_2 1000 123.828125     8     5  2.34952086e+00 -1.11258333e-07 -5.71839702e-01 7.99746308e-01 1.259256e+01 6 1418131 1352557 14 1199272 1140567 2 1348574 1333153 8 37080311 5509117 5 1224029 1199813 
0471_1 0010 124.070312     8     5  2.43983620e+00 -6.64116158e-08 6.61237163e-01 2.90761171e+00 1.198993e+01 3 1282524 1249474 8 23012992 4552826 19 1157075 1147998 2 1334563 1320052 6 1414421 1344906 
0471_2 1010 124.070312     8     5  2.26860368e+00 -5.22405867e-08 -8.21585962e-01 2.48765177e-01 1.245629e+01 6 1406548 1342689 14 1182812 1127653 19 1154927 1146064 11 1227448 975701 8 45889667 6207152 
0472_1 0101 124.312500     8     5  2.81312146e+00 6.29436575e-09 1.43497379e+00 1.52476776e+00 1.221180e+01 5 1001031 982470 8 14948223 3251075 6 1113644 1064588 14 993406 944353 2 1144138 1130189 
0472_2 0100 124.312500     8     5  1.17001318e+00 -2.85497018e-08 -5.70808285e-01 7.43515319e-01 1.225077e+01 5 1007349 987322 2 1156975 1143194 8 29993750 4528644 14 992352 946633 3 1062784 1037234 
0473_1 0111 124.554688     8     5  1.28942825e+00 -3.37392201e-08 7.23952845e-01 2.85017628e-01 1.197871e+01 5 1012186 991018 2 1164068 1149024 6 1162619 1104588 14 981580 934631 8 3591418 1829045 
0473_2 1101 124.554688     8     5  2.77622855e+00 -9.09483768e-09 -8.69095997e-01 2.77614103e+00 1.182022e+01 5 1018200 997456 11 969030 769969 14 966327 921251 2 1177584 1163307 8 4071338 2025186 
0474_1 1110 124.796875     8     5  1.37584485e+00 -8.73953363e-08 6.44478791e-01 2.80321167e+00 1.197608e+01 2 1375817 1360053 5 1246288 1220707 8 4894854 2149000 14 1221947 1162157 6 1462459 1382716 
0474_2 1101 124.796875     8     6  7.32748085e-01 -2.53076699e-08 -9.18963235e-01 2.63655548e+00 1.303910e+01 2 1384020 1367173 14 1185577 1131139 3 1348502 1307660 11 1186000 950806 19 1173091 1163927 6 1474379 1391251 
0475_1 1100 125.039062     8     5  1.32616597e+00 -8.54115427e-08 9.72118789e-01 3.99790016e-01 1.238143e+01 3 1076682 1049590 2 1139317 1127423 11 992971 787950 14 997527 947496 8 12742010 4503162 
0475_2 1001 125.039062     8     5  1.02205588e+00 -3.67509809e-08 -6.16644778e-01 2.07521332e+00 1.194948e+01 8 50953968 6422869 11 980129 775496 2 1184638 1169345 3 1075568 1048599 6 1141170 1093830 
0476_1 0111 125.281250     8     5  2.14251995e+00 5.83903325e-09 7.48463024e-01 2.85139263e+00 1.210776e+01 3 1144660 1114549 8 34650603 3248985 5 1072052 1049693 2 1237494 1221042 14 1045389 993542 
0476_2 0001 125.281250     8     5  6.09084765e-01 5.82959271e-09 -2.14582662e-01 1.36090257e+00 1.239714e+01 8 38347740 4073821 3 1135271 1107241 5 1052966 1031616 11 1062197 853032 19 1044256 1036280 
0477_1 0010 125.523438     8     5  1.97683127e+00 -9.14034093e-08 5.93463920e-01 1.45447667e+00 1.193554e+01 3 802284 781996 6 853499 814931 11 775841 621777 8 4078198 1884770 2 843765 834575 
0477_2 1100 125.523438     8     5  2.31331216e+00 4.76474711e-09 -1.22713299e+00 2.17071464e+00 1.222277e+01 3 804322 784515 5 742080 728552 19 690653 685563 11 791360 628817 8 9140776 2703436 
0478_1 0001 125.765625     8     5  2.36620896e+00 -1.21308633e-08 1.32975557e+00 1.28901595e+00 1.270713e+01 14 1221024 1161630 2 1410556 1393329 8 8471742 3581270 3 1331839 1297588 19 1186361 1176954 
0478_2 0000 125.765625     8     5  1.57454514e+00 -4.98541485e-08 -3.91646226e-01 5.17424049e-02 1.232346e+01 2 1413879 1396824 3 1322465 1289804 5 1274470 1248816 19 1190290 1180842 8 25375728 5001757 
0479_1 0111 126.007812     8     5  9.97585120e-01 -4.44545140e-08 2.17146347e-01 1.55717876e+00 1.214988e+01 8 9340159 3403052 3 1343272 1307207 5 1279718 1251646 11 1278480 1015669 19 1192183 1182423 
0479_2 1111 126.007812     8     5  2.12927498e+00 5.53616521e-09 -8.78613169e-01 3.74317315e-01 1.229213e+01 14 1219383 1159867 5 1260230 1233859 2 1434948 1417188 11 1281711 1020339 8 23579038 4301468 
0480_1 1100 126.250000     8     5  2.03571897e+00 -8.58838039e-08 4.72955588e-01 2.33213949e+00 1.186534e+01 14 1214228 1156805 3 1332142 1298411 19 1190339 1181192 8 5477689 2452036 11 1202320 970065 
0480_2 1111 126.250000     8     5  1.55595008e+00 -8.02807935e-08 -7.62873153e-01 3.37233702e-01 1.159805e+01 6 1485946 1402674 19 1194123 1184370 5 1254502 1229240 8 4916529 2158115 11 1229207 978774 
0481_1 0101 126.492188     8     5  1.36627140e+00 -1.12195932e-07 1.13562919e+00 2.78256413e+00 1.217720e+01 11 1215645 967047 6 1420077 1358609 5 1237885 1213252 8 27964260 5278897 2 1427100 1410605 
0481_2 1110 126.492188     8     6  2.43778828e+00 -3.13653864e-09 -7.17219223e-01 2.25867160e-01 1.277062e+01 11 1212220 970139 5 1241066 1215824 19 1185383 1175797 8 63468335 7737790 3 1309637 1277054 14 1225408 1164642 
0482_1 1110 126.734375     8     5  2.80127066e+00 -5.55181865e-09 5.87297687e-01 5.33272303e-01 1.303359e+01 8 51169409 7186157 2 1495501 1476125 14 1237759 1179672 19 1211869 1202311 6 1464345 1398544 
0482_2 0011 126.734375     8     5  2.82650495e+00 2.72505431e-09 -4.93028226e-01 2.89449414e+00 1.313817e+01 8 117030747 8933466 3 1343651 1308762 6 1455563 1393299 5 1284762 1257327 19 1204285 1194905 
0483_1 0000 126.976562     8     5  4.95168806e-01 -6.76300418e-08 9.15795571e-01 2.86213365e-01 1.221651e+01 11 1262130 1006135 3 1368357 1333635 14 1271904 1210401 8 9903963 3547611 6 1421126 1358154 
0483_2 0011 126.976562     8     5  2.68067386e+00 -1.47589761e-08 -8.08454018e-01 1.77368673e+00 1.213481e+01 5 1251614 1226310 8 19630638 5088847 2 1491355 1471135 19 1216369 1206676 11 1247118 995614 
0484_1 0011 127.218750     8     5  2.92625234e-01 -2.59980904e-08 4.05263599e-01 1.64841682e+00 1.330263e+01 5 1282494 1256127 11 1250931 997272 14 1276786 1214327 8 11724710 2987547 6 1486386 1411397 
0484_2 1100 127.218750     8     5  5.92932030e-01 -5.82880739e-08 -4.22680155e-01 9.59869237e-01 1.213569e+01 2 1479250 1462144 3 1363143 1328704 6 1487006 1415907 8 11906053 3708945 5 1292738 1266501 
0485_1 0010 127.460938     8     5  1.20186776e+00 -1.10954887e-07 6.98250442e-01 1.41566887e+00 1.250018e+01 5 1061670 1040510 11 1019036 811279 6 1236679 1176695 3 1116721 1088985 8 47820109 5778966 
0485_2 0010 127.460938     8     6  2.58048410e+00 -3.22117951e-08 -8.24140523e-01 2.07434013e-01 1.283776e+01 19 1019198 1010922 5 1053178 1032261 3 1127449 1099646 14 1040124 990475 8 103939718 8461141 2 1255220 1240446 
0486_1 1110 127.703125     8     5  2.79116773e+00 -1.90908874e-09 1.09635219e+00 1.15001744e+00 1.230838e+01 3 1388446 1351011 8 19234441 4753849 19 1264982 1254284 11 1266797 1014749 6 1476212 1412166 
0486_2 0100 127.703125     8     5  4.19634007e-01 -4.64216148e-08 -9.20950079e-01 4.59896656e-01 1.230666e+01 5 1315766 1288563 3 1383022 1347955 6 1503346 1434228 2 1486598 1469053 8 54642399 6714853 
0487_1 0101 127.945312     8     5  2.64655233e+00 3.23096868e-09 7.57433428e-01 2.45203308e+00 1.193033e+01 11 1140544 855321 8 6330381 2789535 5 1273783 1232430 14 1133895 1055364 2 1699172 1658167 
0487_2 0111 127.945312     8     5  2.56695619e+00 -7.18720234e-09 -9.86216055e-01 4.91754402e-01 1.220997e+01 19 1129867 1116635 8 21063796 4022480 2 1689311 1645727 14 1123713 1043196 3 1336466 1296345 
0488_1 1100 128.187500     8     5  2.84939879e+00 -6.41592607e-09 1.00742890e+00 2.56089091e+00 1.267313e+01 8 12554861 4259402 3 1372266 1337046 11 1321657 1054259 19 1204763 1196057 6 1494424 1427575 
0488_2 0101 128.187500     8     5  2.47459431e+00 -6.39420245e-08 -8.22675603e-01 7.79773559e-01 1.204092e+01 11 1290388 1030393 3 1374751 1338740 8 36110519 5913001 19 1199739 1190891 6 1471263 1408989 
0489_1 0101 128.429688     8     5  2.64985757e+00 -5.03664678e-08 9.18998341e-01 1.18271562e+00 1.210552e+01 3 1142420 1113492 8 11098137 2996840 11 1091399 862709 14 1087972 1031933 5 1078082 1055896 
0489_2 0001 128.429688     8     5  2.36896247e+00 -7.83080492e-08 -1.33926353e+00 1.57870472e+00 1.227674e+01 5 1083477 1060779 2 1249879 1234994 8 26398555 4146436 3 1146119 1117251 6 1246553 1189509 
0490_1 0101 128.671875     8     5  1.66921008e+00 -3.48325072e-08 8.90854250e-01 2.46793373e+00 1.208858e+01 19 1242542 1232770 5 1314655 1287929 8 6358131 2205289 3 1358873 1324987 11 1283312 1026457 
0490_2 1110 128.671875     8     5  8.94298712e-01 -1.14574984e-07 -1.20985311e+00 1.16004918e+00 1.208274e+01 6 1569698 1479377 5 1306616 1280781 19 1230706 1221040 8 6470840 2239958 3 1369237 1334995 
0491_1 1010 128.914062     8     5  1.93575874e+00 -3.70654450e-08 4.81875557e-01 5.37905006e-01 1.183463e+01 8 37918704 5229542 5 1322643 1296123 14 1301501 1237985 6 1474547 1408600 19 1245984 1236283 
0491_2 0010 128.914062     8     5  2.29983113e+00 -5.85375179e-08 -6.72915962e-01 9.89735007e-01 1.178803e+01 3 1424346 1385854 5 1334208 1305824 2 1509242 1491789 19 1254733 1244503 8 66940834 7235434 
0492_1 0001 129.156250     8     5  3.92902230e-01 -1.38830297e-08 6.55134211e-01 1.08418292e+00 1.241959e+01 19 1255227 1245226 8 22382710 4538516 11 1501366 1106057 6 1484981 1419666 3 1414697 1378174 
0492_2 0111 129.156250     8     5  4.36654978e-01 -3.34811923e-08 -6.82957182e-01 5.03108279e-01 1.280181e+01 14 1298920 1234700 6 1492019 1423799 11 1365927 1075738 8 50564662 5499557 5 1332938 1304475 
0493_1 0011 129.398438     8     5  1.81206927e+00 -9.02059927e-08 -2.16371451e-02 1.59304660e+00 1.199354e+01 14 1073954 1021121 3 1170658 1139558 8 6446080 2527432 6 1236679 1182597 2 1265152 1248936 
0493_2 1000 129.398438     8     5  3.88376856e-01 -1.98332894e-08 -1.12630257e+00 7.83155773e-01 1.205195e+01 11 1055228 842582 8 14723797 3766652 6 1245953 1190169 5 1101192 1079277 3 1161461 1132620 
0494_1 1010 129.640625     8     5  1.16808795e+00 -5.21921615e-08 6.18599387e-01 6.30078228e-01 1.184580e+01 8 11876602 3721852 2 1533563 1515106 5 1323441 1297353 14 1286306 1226263 6 1528693 1460724 
0494_2 0111 129.640625     8     5  1.87101193e+00 -9.96440472e-08 -9.12583325e-01 2.58125877e-01 1.196773e+01 2 1548199 1527843 3 1440814 1402694 8 25941875 4479737 11 1377247 1091363 19 1283979 1273163 
0495_1 0011 129.882812     8     5  2.45287739e+00 -8.70686565e-08 9.00813685e-01 2.04842297e+00 1.239919e+01 6 1427361 1364584 11 1232828 970670 8 30165147 5244508 5 1299771 1271295 19 1183933 1173858 
0495_2 0111 129.882812     8     5  2.65562591e+00 -3.67408086e-08 -5.79825905e-01 3.91225995e-01 1.327101e+01 19 1167039 1157606 8 78947837 7122707 14 1204863 1145506 2 1514985 1494471 3 1344539 1310522 
0496_1 1110 130.125000     8     5  1.26599396e+00 -3.52012219e-08 1.18032463e+00 2.15836773e+00 1.198846e+01 3 1453613 1415903 5 1361430 1334541 19 1270209 1259982 8 8451120 3424630 11 1525946 1147038 
0496_2 0111 130.125000     8     5  8.90833740e-01 -6.10972866e-08 -3.03994115e-01 1.50647659e+00 1.221717e+01 11 1455804 1117156 19 1279205 1268810 5 1366510 1337644 3 1433254 1396265 8 17299570 4224931 
0497_1 1000 130.367188     8     5  2.77982472e+00 -2.40753969e-08 1.09216216e+00 2.85464386e+00 1.189985e+01 19 854688 848440 14 886292 841762 2 1072737 1061157 6 1012842 971817 3 996668 971047 
0497_2 0001 130.367188     8     5  1.99346650e+00 -3.98883719e-08 -2.07407934e-01 1.32445637e+00 1.195431e+01 8 20751094 3464679 3 971551 947603 14 914006 864621 2 1077017 1064030 6 1024371 980637 
0498_1 0100 130.609375     8     5  6.89265091e-01 -4.34232477e-08 8.35022313e-01 8.45011398e-01 1.277921e+01 14 1320074 1255712 11 1311932 1049965 5 1359235 1332727 3 1412230 1377216 8 15388714 4255830 
0498_2 1011 130.609375     8     5  2.72218237e+00 -3.36949777e-08 -3.33772181e-01 1.11314287e+00 1.269560e+01 8 35713162 5313969 14 1309709 1246946 3 1442162 1404671 5 1370547 1341105 19 1316144 1304701 
0499_1 0001 130.851562     8     5  2.34723835e+00 -7.09931235e-08 8.65090683e-02 1.81049781e+00 1.189411e+01 2 1292321 1276191 8 4743847 2468586 6 1277472 1219153 14 1083024 1030084 3 1198761 1167136 
0499_2 1011 130.851562     8     5  1.70131048e+00 -9.87610794e-08 -1.15165758e+00 2.79074414e+00 1.228161e+01 3 1202725 1171786 8 5745486 2616936 2 1309139 1292334 5 1118068 1093922 11 1105676 869429 
0500_1 0010 131.093750     8     5  1.82534805e+00 -2.54871859e-08 1.07613908e+00 1.14969785e+00 1.268434e+01 5 1356063 1328314 8 15409269 3794566 6 1553005 1480745 3 1434805 1398583 14 1305499 1245325 
0500_2 1101 131.093750     8     5  1.78459294e+00 -3.26031145e-08 -9.71575744e-01 2.62903984e+00 1.205999e+01 3 1431928 1396996 8 22813476 4453715 6 1561274 1484579 2 1563766 1544566 14 1315108 1252018 
0501_1 0010 131.335938     8     5  4.97667108e-01 7.67879160e-09 4.02311554e-01 2.53672252e+00 1.180216e+01 19 1064944 1056597 8 23094403 4603586 6 1314346 1255648 2 1282286 1267668 5 1135303 1112825 
0501_2 0010 131.335938     8     5  9.15163223e-01 -1.16838567e-07 -7.79328493e-01 9.28990442e-01 1.207265e+01 19 1049546 1041601 14 1088321 1037651 8 45114920 6333243 5 1145658 1121833 2 1283935 1268820 
0502_1 1001 131.578125     8     4  6.00298637e-01 6.51168287e-09 9.78549031e-01 2.73218562e+00 1.063364e+01 11 187442 155639 19 204470 203012 6 239160 229406 3 244833 238329 
0502_2 1011 131.578125     8     4  6.43237695e-01 -8.88229008e-09 -6.16256436e-01 2.72298839e+00 1.113975e+01 2 248892 246084 8 13215945 1323929 19 213225 211427 14 191676 184069 
0503_1 0110 131.820312     7     3  2.87870286e+00 3.32841800e-09 5.95660728e-01 2.12759567e+00 9.423338e+00 19 9544 9483 3 52800 51476 2 72305 71163 
0503_2 1011 131.820312     7     3  2.85275192e+00 4.30708668e-09 -1.03857468e+00 2.60926552e+00 9.256235e+00 2 62724 62191 3 50121 48952 19 9649 9607 
0504_1 0100 132.062500     8     5  6.05370275e-01 -9.04528842e-08 8.22917138e-01 2.53568740e-01 1.182187e+01 8 6291002 2684900 2 1576490 1558830 3 1446271 1409439 14 1363865 1299118 6 1549197 1485187 
0504_2 1101 132.062500     8     5  1.88927298e+00 -1.10758275e-07 -7.24853909e-03 1.75723190e+00 1.216201e+01 8 11092304 3212527 19 1318439 1307965 14 1362586 1296114 6 1572494 1501840 5 1381004 1351839 
0505_1 0110 132.304688     8     5  4.60026688e-01 -1.01245516e-07 3.59707669e-01 2.72142289e+00 1.491808e+01 8 41703473 4571245 3 1170803 1142209 5 1124363 1102474 11 1123336 906875 2 1311889 1296942 
0505_2 1010 132.304688     8     5  1.60231601e+00 -7.68174090e-08 -1.05387054e+00 2.25807250e+00 1.202096e+01 14 1115780 1063888 3 1164118 1136406 8 63248814 5878230 2 1363917 1345933 19 1099315 1090637 
0506_1 0101 132.546875     8     5  5.99761146e-01 -3.97429589e-09 7.41806030e-01 2.47813787e+00 1.220833e+01 3 1491632 1452601 6 1560078 1487444 5 1387888 1358643 8 9110770 3825901 14 1381024 1311220 
0506_2 1011 132.546875     8     5  2.60498266e+00 -2.29364201e-08 -6.65690629e-01 2.95656344e+00 1.236481e+01 5 1405571 1375813 11 1377396 1088989 8 23812420 5386597 19 1308792 1298215 14 1381379 1310711 
0507_1 0001 132.789062     8     6  6.10325259e-01 4.59370100e-09 1.07218509e+00 1.13491995e+00 1.281512e+01 11 1507204 1180293 5 1368708 1341657 3 1453932 1417217 6 1629773 1553802 8 14539945 4614657 19 1334252 1323506 
0507_2 1000 132.789062     8     5  2.31622715e+00 -1.09396220e-07 -3.25859409e-01 1.94064396e+00 1.288722e+01 3 1456878 1421540 5 1388637 1360300 8 44196983 6257280 2 1638641 1618325 19 1342326 1331524 
0508_1 1110 133.031250     8     5  2.56012154e+00 -7.46722767e-09 1.31758002e+00 1.86871300e+00 1.209999e+01 14 1385288 1319771 19 1306720 1297274 6 1557677 1492246 8 13404278 3885430 2 1641971 1621537 
0508_2 0111 133.031250     8     5  4.01199731e-01 -1.28911572e-08 -1.17402974e-02 1.61632596e+00 1.198368e+01 14 1386975 1319910 11 1422462 1137200 8 24897682 4689399 19 1338454 1327358 2 1669598 1647200 
0509_1 0011 133.273438     8     5  1.55831355e+00 -5.19663941e-08 6.47923727e-01 2.77834504e+00 1.189783e+01 8 21048142 2524288 19 864625 857814 14 855446 813831 5 899103 880275 3 932618 909269 
0509_2 1111 133.273438     8     5  1.95386355e+00 -1.10609426e-07 -5.24413616e-01 2.88017981e+00 1.208200e+01 6 1051966 1001193 3 927770 905123 8 21534976 2666430 11 904926 711500 19 873021 866014 
0510_1 0101 133.515625     8     6  8.65428982e-01 -8.32333870e-08 1.30048668e+00 8.55867284e-01 1.261792e+01 2 1636787 1616309 19 1330058 1319864 6 1554988 1489768 8 17379611 5217462 3 1447587 1411525 14 1395198 1325032 
0510_2 0101 133.515625     8     5  2.73303291e+00 -3.36070800e-09 -9.17397650e-01 2.63888262e+00 1.226872e+01 5 1426748 1397728 11 1402194 1122276 19 1333522 1322670 8 57377670 7329698 2 1656362 1635125 
0511_1 1010 133.757812     8     6  3.99976447e-01 -8.26260339e-08 3.51820911e-01 1.02588273e+00 1.288933e+01 3 1469542 1433328 5 1397520 1370494 11 1452063 1156568 2 1645679 1625981 6 1665714 1587738 8 4959729 2819587 
0511_2 0011 133.757812     8     5  6.91773506e-01 -7.95392216e-08 -1.39443056e-01 1.17723364e+00 1.206422e+01 8 5542419 2962251 5 1409592 1380423 19 1369201 1357799 6 1660657 1582575 14 1386859 1318538 
0512_1 0011 134.000000     8     6  1.39892731e+00 -2.67634476e-08 2.00906221e-01 2.05452652e+00 1.454340e+01 8 5493684 2855231 2 1683807 1660406 14 3024169 1536458 11 2242465 1208692 19 3211663 1881488 5 1418975 1389703 
0512_2 1010 134.000000     8     6  1.29621254e+00 7.94655142e-09 -6.53048424e-01 1.73476853e+00 1.587811e+01 3 1478556 1441861 19 4101041 2344462 14 4005060 1804797 8 6566705 3218043 5 1395802 1369119 11 3040842 1299557 
0513_1 1011 134.242188     8     5  3.54544327e-01 -9.19943198e-08 1.19135638e+00 5.21773668e-01 1.253349e+01 3 1539083 1498446 2 1623288 1602156 8 20517114 5276744 5 1410841 1382069 11 1381782 1104791 
0513_2 1110 134.242188     8     5  2.53818719e+00 -7.87433543e-08 -1.06078630e+00 2.21968605e+00 1.285069e+01 8 63713223 7726068 19 1330426 1320362 3 1533820 1494612 5 1415640 1386749 11 1382350 1109094 
0514_1 1110 134.484375     8     5  9.23814727e-01 -8.90000810e-08 6.82643382e-01 1.06004772e-01 1.176607e+01 11 1547156 1211917 6 1630848 1557900 19 1353918 1343387 3 1515917 1477031 8 7415729 3295256 
0514_2 1101 134.484375     8     5  1.13214038e+00 -4.18600113e-09 -3.36740598e-01 8.98423955e-01 1.182417e+01 6 1620342 1547160 2 1640356 1619934 14 1414902 1344607 19 1343366 1332359 8 8739022 3635165 
0515_1 1000 134.726562     8     5  1.23670377e+00 -8.21832122e-08 6.93216944e-01 1.69478340e+00 1.195755e+01 14 1362986 1300226 2 1680241 1660144 3 1520453 1482280 5 1418605 1391251 8 12896078 4329963 
0515_2 0111 134.726562     8     5  2.32286321e+00 -8.40315634e-08 -2.63738581e-01 1.62177886e+00 1.230053e+01 3 1491283 1454889 8 29086119 5432661 14 1364637 1299150 19 1331032 1320599 5 1426569 1397491 
0516_1 0110 134.968750     8     5  2.09306846e+00 -7.10835131e-08 2.78638846e-01 2.61692898e+00 1.225580e+01 11 1417415 1129098 6 1620481 1545305 8 6802550 2894411 14 1380896 1316894 5 1450649 1422320 
0516_2 0111 134.968750     8     6  5.55586820e-01 2.13692898e-09 -1.31506319e+00 1.24132637e+00 1.295304e+01 14 1377040 1312901 8 9098185 3338189 11 1413097 1125852 2 1683826 1660554 5 1458166 1428472 19 1361021 1349738 
0517_1 1110 135.210938     8     5  9.78222474e-01 -5.78211202e-08 1.01229629e+00 2.93643740e+00 1.207627e+01 19 1333832 1323491 3 1523178 1484687 14 1397095 1330687 8 13498129 3252249 5 1463608 1432651 
0517_2 1001 135.210938     8     5  2.19826039e+00 -6.55672096e-08 -1.46223308e-01 1.73810038e+00 1.200092e+01 6 1665807 1585007 11 1417436 1127883 8 13378875 3410904 3 1509522 1472083 14 1384480 1320028 
0518_1 0100 135.453125     8     5  1.38220053e+00 -8.10650162e-08 3.19003118e-01 1.16038838e+00 1.220655e+01 5 1439924 1411485 8 5332897 2708492 3 1526864 1487335 14 1395236 1329140 2 1692312 1671410 
0518_2 0011 135.453125     8     5  1.96899552e+00 -4.73994617e-08 -5.05939904e-01 2.79039596e-01 1.183589e+01 5 1427806 1398819 14 1399492 1331871 8 6345197 2807876 2 1661839 1641031 3 1533041 1493535 
0519_1 0111 135.695312     8     5  2.76088400e+00 -9.07653794e-10 1.01941005e+00 1.61656769e+00 1.317897e+01 11 1427889 1143538 3 1524112 1483019 8 12182271 3977350 5 1451553 1419971 2 1616208 1595886 
0519_2 0111 135.695312     8     5  1.16520931e+00 -7.34908099e-08 -9.75179906e-01 2.32759907e-01 1.226732e+01 19 1380448 1369276 8 36646625 5231480 5 1450161 1416847 11 1449011 1155512 6 1687834 1612434 
0520_1 0001 135.937500     8     5  1.53029610e+00 -2.92779698e-08 3.25151100e-01 2.98774348e+00 1.206439e+01 3 1224554 1192534 5 1208311 1179786 8 7754356 2731642 6 1324800 1269888 2 1307283 1292495 
0520_2 1101 135.937500     8     5  2.14084732e+00 -3.86363038e-09 -1.02263111e+00 2.16007254e+00 1.218620e+01 2 1310826 1296009 6 1297824 1244878 3 1247015 1213684 8 13829922 3274527 5 1187607 1161357
