0243_1 1001 68.851562     8     5  1.00640944e+00 -3.65274097e-08 5.60640808e-01 1.74078916e+00 1.147196e+01 3 337771 327659 5 325848 319154 2 336529 333491 6 373101 358573 8 783426 547125 
0243_2 0011 68.851562     8     5  2.76478044e+00 -2.78948127e-08 -1.17414739e+00 4.43534341e-01 1.205356e+01 14 312218 296428 3 339300 328806 6 364924 350363 5 331920 323849 8 1753156 734248 
0244_1 1110 69.093750     8     5  2.76806008e+00 -2.03790476e-08 1.04888144e+00 2.21732208e+00 1.289244e+01 14 362385 345382 11 367707 293532 19 347130 344883 8 11923553 1920239 5 380933 373478 
0244_2 0100 69.093750     8     5  2.04003002e+00 -5.17672151e-08 -1.00095061e+00 1.44062458e+00 1.198687e+01 6 417652 403693 14 359349 343216 19 355426 353087 3 379960 369031 2 393853 390456 
0245_1 0101 69.335938     8     5  8.46511082e-01 -5.76396946e-08 1.03287310e+00 1.05901532e+00 1.339700e+01 2 364841 360900 8 38816907 3599821 3 342657 332416 5 348205 340695 19 333216 329879 
0245_2 0000 69.335938     8     5  2.74239338e+00 -4.12041137e-08 -5.66472921e-01 3.69724144e-01 1.411530e+01 19 331594 328749 14 318597 302945 3 338577 329050 8 60624149 4621744 11 341344 271045 
0246_1 1111 69.578125     8     5  2.14689331e+00 -9.04766702e-09 5.39741989e-01 2.07895564e+00 1.277131e+01 2 442975 433607 8 26224989 3220554 3 417673 392956 6 425607 408860 19 351726 349072 
0246_2 1101 69.578125     8     5  2.09286232e+00 6.54619384e-10 -4.07014066e-01 1.57259697e+00 1.343206e+01 8 44461217 3885284 14 367756 349015 2 442493 431034 6 428576 412650 3 429809 406174 
0247_1 1010 69.820312     8     5  2.69571054e+00 -3.25977273e-08 1.06906873e+00 2.30451551e+00 1.251413e+01 14 324890 309284 8 15866984 2369000 5 357552 350073 6 371334 357574 11 334638 263670 
0247_2 1101 69.820312     8     5  2.83806357e-01 -1.02804096e-07 -5.92568102e-01 1.52253798e+00 1.254597e+01 2 389730 385478 8 29638205 2981614 6 375180 361504 5 366039 357856 3 371435 359820 
0248_1 0001 70.062500     8     8  7.76724480e-01 5.47514198e-09 1.05959805e+00 1.68047957e+00 4.531526e+01 5 3496544 702615 19 9859072 1384037 14 5061872 670702 6 4333007 717597 3 2971261 702315 8 38155937 3944550 11 10444374 622785 2 4524135 963990 
0248_2 1110 70.062500     8     8  7.78530051e-01 -5.04336929e-09 -8.41480837e-01 2.49627450e+00 4.477420e+01 3 4721116 986601 8 60599999 5008138 5 5500584 915421 19 11737992 1722267 14 7191978 841163 6 6663600 890139 2 7657734 1379744 11 9844800 609065 
0249_1 1010 70.304688     8     5  2.76593135e+00 4.93349321e-09 9.84371930e-01 8.39589499e-01 1.234949e+01 11 343037 272129 5 360913 353100 8 16994098 2091476 14 338786 321912 6 393999 379499 
0249_2 1010 70.304688     8     4  2.76253724e+00 -4.40847582e-09 -1.13181148e+00 2.26861447e+00 1.184918e+01 2 379260 375651 8 32486012 2779071 5 358826 351111 11 341083 271125 
0250_1 1011 70.546875     8     5  1.23315648e+00 4.49899368e-09 1.11931570e+00 2.45505591e+00 1.192319e+01 14 383588 363612 3 418021 405208 19 369845 366781 8 31763120 3648810 5 400728 391863 
0250_2 1111 70.546875     8     5  2.20291686e+00 -8.80121520e-08 -4.73712533e-01 9.21230817e-01 1.306023e+01 6 426125 410017 2 440362 435462 8 56354413 4624098 14 384019 364997 3 419929 407560 
0251_1 0010 70.789062     8     5  5.70235679e-01 -4.20446330e-08 6.33450595e-01 7.25955261e-01 1.217417e+01 6 447034 421768 14 331249 315766 2 411165 406412 3 385338 373241 8 14857023 2548359 
0251_2 0101 70.789062     8     5  1.58621570e+00 9.96933012e-11 -3.78236118e-01 1.28401703e+00 1.207841e+01 8 35905102 3375283 6 446013 420119 5 507837 428271 3 379567 367924 2 409770 404418 
0252_1 1111 71.031250     8     5  2.28180850e+00 -4.42542177e-09 4.98258913e-01 1.00360921e+00 1.238848e+01 2 432740 427858 5 405685 396692 19 373616 370778 8 24845737 2811383 14 388150 368436 
0252_2 0010 71.031250     8     5  1.94581847e+00 -6.25193353e-08 -9.09714314e-01 6.21364650e-01 1.241203e+01 5 401158 393618 3 403819 392581 2 422138 418361 6 454883 436905 8 33039298 3452338 
0253_1 0010 71.273438     8     5  7.08607897e-01 -4.83655698e-09 5.53003649e-01 9.03808438e-01 1.191539e+01 6 388746 375073 8 18491131 2853565 2 395778 392232 11 368543 292258 14 367535 350230 
0253_2 1111 71.273438     8     5  7.78782686e-01 -2.47856398e-09 -1.10386066e+00 2.33644657e+00 1.300662e+01 2 409278 404526 14 373567 353829 8 38891572 4070831 5 370381 362642 6 393236 377569 
0254_1 0010 71.515625     8     5  2.41975854e+00 -2.01352652e-08 1.01388347e+00 2.64999792e+00 1.219731e+01 6 447154 432460 5 411406 403933 8 8971233 1415308 3 418658 406863 14 388479 370750 
0254_2 0000 71.515625     8     5  2.40836516e+00 -6.91166610e-08 -8.72446395e-01 1.67485606e+00 1.234787e+01 19 378600 376177 8 19739743 1905897 6 456228 440479 3 416272 405159 11 400027 317318 
0255_1 1111 71.757812     8     4  7.33736671e-01 -1.44413493e-08 3.54660312e-01 1.05333048e+00 1.063542e+01 2 121836 120309 6 125414 120450 14 115801 107247 5 112577 110586 
0255_2 0110 71.757812     8     4  6.43817677e-01 -3.62797493e-08 -8.80784337e-01 7.48584598e-01 1.072547e+01 2 121574 120438 19 100921 100282 3 116591 113428 14 116464 109246 
0256_1 0100 72.000000     8     5  1.03702412e+00 -7.17121442e-09 1.15734618e+00 1.90854490e+00 1.251321e+01 8 47256997 4253217 3 427765 416186 6 462126 445905 11 419591 336175 19 382789 380416 
0256_2 0011 72.000000     8     5  2.41153753e+00 -1.02251999e-07 -3.96422964e-01 1.81050803e+00 1.367889e+01 5 420142 411626 8 62318230 5256838 6 462991 444634 3 429942 417966 19 386390 383336 
0257_1 0111 72.242188     8     5  2.41423900e+00 -5.48097959e-08 7.58620174e-01 2.56252733e-01 1.234213e+01 19 386911 383924 5 418241 410437 8 18181375 2820341 14 398023 378931 2 477792 472310 
0257_2 1001 72.242188     8     5  5.48962272e-01 -5.43339979e-08 -7.16004656e-01 1.50159898e+00 1.174273e+01 3 430166 418248 11 399887 319711 2 473799 468795 19 399678 396693 5 423879 415840 
0258_1 1001 72.484375     8     5  2.62833320e+00 -4.64978910e-08 6.33466672e-01 1.90142788e+00 1.203346e+01 2 451028 446487 5 418880 410222 3 420859 408899 8 27603390 2739618 14 394821 374062 
0258_2 1010 72.484375     8     5  2.77245149e+00 -2.00886477e-08 -1.10767215e+00 2.31485919e+00 1.352980e+01 19 386106 383030 14 387730 369786 3 418696 407347 6 462933 446098 8 42909417 3971330 
0259_1 0111 72.726562     8     6  2.39062762e+00 -4.32526435e-08 5.71744119e-01 2.36113261e+00 1.316260e+01 11 420811 332893 2 473272 467887 3 457446 443259 6 460103 442535 8 28744712 3524717 5 430116 421493 
0259_2 1001 72.726562     8     5  2.37374283e+00 -3.63812256e-08 -5.58787333e-01 1.27604218e+00 1.387117e+01 8 48480043 4007190 11 403056 323954 14 401094 382101 6 469105 451255 2 475397 470540 
0260_1 1011 72.968750     8     5  1.78019527e+00 -1.18985183e-07 8.75551821e-01 3.51274723e-01 1.169500e+01 14 353531 336183 6 426346 406760 8 4806678 1388119 2 425908 421290 5 381028 373516 
0260_2 1110 72.968750     8     5  2.20630325e+00 -3.33244249e-08 -9.50032379e-01 9.06438493e-01 1.193572e+01 6 427130 409228 8 12129316 2002678 19 350610 348293 11 364725 291403 2 421216 417419 
0261_1 0111 73.210938     8     5  2.61603720e+00 -1.20916014e-08 1.36122712e-01 1.28604962e+00 1.198398e+01 8 8315676 2230117 3 453568 440412 6 494950 471585 5 436894 427631 11 414904 329798 
0261_2 0100 73.210938     8     5  2.60063797e+00 -5.99972621e-08 -9.82453062e-01 1.24054898e+00 1.236265e+01 5 437903 430161 3 445288 433661 6 492902 471530 2 470360 465905 8 21536957 3080684 
0262_1 1010 73.453125     8     5  1.86482245e+00 7.67875284e-09 7.07101919e-01 1.12575127e+00 1.173978e+01 19 377948 375159 11 370845 297049 8 26953952 2803513 6 407558 391567 2 401637 397717 
0262_2 0001 73.453125     8     5  1.15180009e+00 -4.53286480e-08 -3.37523300e-01 1.33662098e+00 1.174701e+01 2 398595 394732 6 405499 390325 14 365155 347313 8 40011551 3356371 11 370052 295817 
0263_1 0111 73.695312     8     5  1.15818383e+00 -6.12897093e-08 7.52938698e-01 4.06897855e-01 1.161964e+01 5 458492 442602 19 381633 378123 2 372433 368153 8 2314272 975479 3 382020 368982 
0263_2 0110 73.695312     8     4  2.35652397e+00 -9.68534003e-08 -9.11913205e-01 8.87062548e-01 1.100346e+01 2 381439 377110 3 378677 366443 19 389972 386619 14 402147 372511 
0264_1 0110 73.937500     8     5  1.18459150e+00 -1.36821842e-08 1.08307130e+00 8.84595829e-01 1.204716e+01 8 1447796 900195 11 383436 306371 2 443495 439188 5 400447 392702 3 403500 392267 
0264_2 1111 73.937500     8     5  2.46374975e+00 -6.39223569e-08 -4.84999073e-01 9.74219168e-01 1.194770e+01 14 384180 364683 2 451642 446600 8 3299652 1346140 19 396801 392960 5 402439 393839 
0265_1 0110 74.179688     8     5  2.48901493e+00 -3.39414505e-09 1.13109900e+00 2.76579836e+00 1.218624e+01 3 419977 409236 19 408004 404856 11 401125 320586 6 415152 401352 8 19258873 3045417 
0265_2 0011 74.179688     8     5  1.03410458e+00 -3.42297441e-08 -6.62156598e-01 8.29423516e-01 1.283737e+01 11 396387 318525 5 404277 395967 14 387972 369392 19 400824 397593 8 51257791 4197975 
0266_1 0111 74.421875     8     5  2.80260735e+00 -1.28723875e-09 3.99492412e-01 2.28646890e+00 1.161001e+01 3 434716 421703 11 451744 327432 14 404079 381293 2 430130 424794 8 1662098 798186 
0266_2 1011 74.421875     8     5  8.93685068e-01 -1.17345139e-07 -2.81128078e-01 2.05964819e+00 1.162100e+01 14 469156 406234 5 413305 404416 2 434895 429328 19 454541 435858 3 424452 412149 
0267_1 1111 74.664062     8     5  2.56717930e+00 -2.11213333e-08 4.67340891e-01 1.29417867e+00 1.242046e+01 2 506530 499829 5 479189 468304 14 438742 416395 19 450343 446619 8 39791054 4183722 
0267_2 1111 74.664062     8     5  1.44509302e+00 -9.01691719e-08 -5.24895904e-01 9.06528059e-01 1.319383e+01 5 475200 464823 14 427107 406765 3 495112 481155 8 60675880 5376637 2 499956 493418 
0268_1 1111 74.906250     8     5  2.11592786e+00 -4.58471976e-08 9.75924698e-01 4.44065770e-01 1.404102e+01 14 395016 375224 3 434175 422406 2 454274 448847 8 26898649 3552191 19 405845 402120 
0268_2 1011 74.906250     8     5  2.08018100e+00 -7.91796036e-08 -3.50382304e-01 1.91089153e+00 1.303573e+01 8 55331813 4565262 3 437105 424518 11 387363 313141 14 391593 372132 19 421930 417306 
0269_1 0111 75.148438     8     5  2.65111727e+00 -5.37708457e-08 1.09542206e+00 2.32931777e+00 1.200127e+01 11 456253 367804 14 459469 435119 19 465994 461125 6 500349 480775 8 22543831 3779922 
0269_2 1111 75.148438     8     5  2.67250642e+00 -4.87533109e-08 -4.64401163e-01 1.01145012e+00 1.334692e+01 6 499500 479602 8 51797820 5099736 14 449293 427009 5 474307 464387 3 490892 477669 
0270_1 0011 75.390625     8     5  2.45698240e+00 -5.93227805e-08 1.25591370e+00 2.19880099e+00 1.187848e+01 5 431090 421421 3 419007 407613 2 427095 422540 8 43835115 5240052 14 401114 381591 
0270_2 0100 75.390625     8     5  2.30711584e+00 -7.51161590e-08 -2.87498018e-01 1.23366877e+00 1.359197e+01 2 431831 427406 3 416816 405840 6 479115 454854 8 86217660 6342009 11 410998 333048 
0271_1 1011 75.632812     8     5  2.74747700e+00 6.33444429e-10 5.79041453e-01 2.27891145e+00 1.202951e+01 8 26884333 4050963 5 489743 478265 3 497780 484167 19 441359 437930 14 470077 446789 
0271_2 0111 75.632812     8     6  2.29239423e+00 -4.66933383e-08 -6.18250905e-01 2.07786250e+00 1.266689e+01 11 457660 369261 8 58285782 5788650 6 499138 480043 14 467537 444509 2 513848 506887 19 440664 437009 
0272_1 1001 75.875000     8     5  2.01698680e+00 -2.59541865e-08 6.85071011e-01 1.70016870e+00 1.228142e+01 6 440781 424073 19 393726 390594 3 422249 410255 11 410976 330469 8 34404256 3505419 
0272_2 0111 75.875000     8     5  2.31566452e+00 -1.05998810e-07 -4.90988472e-01 1.78987760e+00 1.313512e+01 3 420202 408731 5 410354 401871 2 474149 468741 6 438975 422355 8 65454720 4968341 
0273_1 1111 76.117188     8     5  3.77592589e-01 -5.48014780e-09 6.96444221e-01 2.46172391e-01 1.199340e+01 6 371852 359198 2 376538 372557 8 20266748 3086846 3 364037 354246 5 363974 356303 
0273_2 0000 76.117188     8     5  3.31770745e-01 -6.51384547e-08 -8.07095929e-01 3.42378892e-01 1.309761e+01 3 369597 359259 5 366551 359419 11 368555 296267 8 42498078 3778842 2 374318 370439 
0274_1 1001 76.359375     8     5  2.52364048e+00 -2.03708753e-08 1.35489414e+00 1.75791094e+00 1.238716e+01 19 307997 305772 8 6723924 1367075 6 352423 337857 2 342243 338813 5 346641 339055 
0274_2 0101 76.359375     8     5  2.48290991e+00 -3.82284291e-08 -4.52219508e-01 2.28188903e+00 1.305524e+01 11 317815 253834 3 327886 318977 2 345873 342390 8 14703838 1785892 6 355929 341143 
0275_1 0101 76.601562     8     5  2.84948422e+00 4.98836085e-09 1.19319405e+00 1.43609958e+00 1.357737e+01 3 265130 257704 5 266247 260497 14 269380 256100 8 21833405 1778406 11 292092 231778 
0275_2 0011 76.601562     8     4  2.81390863e+00 3.42450907e-09 -3.46443228e-01 1.83528469e+00 1.428475e+01 11 295378 232544 14 270175 256072 6 294472 282103 8 21958139 2255137 
0276_1 0011 76.843750     8     5  8.10649447e-01 6.51087909e-09 6.95730744e-01 2.44585783e+00 1.188541e+01 3 299431 291150 8 6480866 1364839 5 298000 291868 2 332345 328671 14 269055 255618 
0276_2 1101 76.843750     8     4  2.70265714e+00 -4.59759535e-08 -4.60474298e-01 1.28596067e+00 1.207972e+01 5 296111 290703 8 16603027 1851038 14 269814 256588 2 326576 323193 
0277_1 0101 77.085938     8     4  2.12954470e+00 5.23536205e-09 9.95155485e-01 2.91594337e+00 1.131092e+01 11 293550 232511 19 271921 269985 3 305580 297464 8 7101339 1395934 
0277_2 1011 77.085938     8     5  2.23435707e+00 -6.72755698e-08 -6.87030403e-01 6.12913061e-01 1.169656e+01 6 309316 298024 8 19493930 2093127 3 314876 306592 19 276473 274420 11 296773 236365 
0278_1 1101 77.328125     8     4  2.64416485e+00 5.64183565e-09 1.10315900e+00 1.00056254e+00 1.124923e+01 14 274947 260898 6 329467 309224 8 4848052 1225620 2 329466 325799 
0278_2 0001 77.328125     8     4  2.61043241e+00 -3.55872855e-08 -5.12087052e-01 2.24653307e+00 1.172364e+01 8 13612102 1847474 14 266226 253921 19 262308 260234 3 295001 287347 
0279_1 0011 77.570312     8     5  2.69625546e+00 4.88162174e-09 6.86780791e-01 2.34477466e+00 1.240428e+01 19 374363 371688 11 409030 327466 8 17177483 2482547 2 553259 545193 6 473912 454454 
0279_2 0100 77.570312     8     5  1.06789120e+00 -4.08633467e-08 -1.19089164e+00 1.14406046e+00 1.185956e+01 8 27979666 2917220 6 464118 446824 14 409442 390729 11 414249 330913 19 379439 376924 
0280_1 0101 77.812500     8     5  2.68975085e+00 -3.29535607e-08 1.15163444e+00 1.51694335e+00 1.209263e+01 5 417746 410528 6 468679 448979 8 11886807 2551743 19 397951 394732 14 410194 389437 
0280_2 0011 77.812500     8     5  2.58039652e+00 -8.72200062e-09 -9.15624366e-01 2.87952528e+00 1.273630e+01 3 477437 464849 14 411340 391279 6 473347 453342 2 563994 556350 8 28653756 3631744 
0281_1 1011 78.054688     8     5  9.26130229e-01 -6.99814865e-08 1.02454202e+00 8.39698786e-01 1.162812e+01 8 999600 705700 3 560014 543560 11 489395 389305 5 480898 472406 19 453762 450257 
0281_2 1100 78.054688     8     5  1.45545718e+00 -6.64999598e-08 -5.40498190e-01 2.64947677e-01 1.195220e+01 14 465524 444772 2 687643 674694 3 550819 534765 6 549017 527626 5 482424 474106 
0282_1 0111 78.296875     8     5  1.10424294e+00 -3.02984993e-09 9.59079332e-01 4.38965513e-01 1.209855e+01 2 592273 582333 8 5591530 1277007 11 425911 341895 6 461589 443043 5 412659 405513 
0282_2 0101 78.296875     8     5  4.20299791e-01 -9.63178418e-08 -5.41362517e-01 1.56644698e+00 1.209716e+01 8 10729450 1796561 3 496821 482376 5 409574 402658 11 430525 345962 6 467288 448802 
0283_1 1000 78.539062     8     5  4.38591599e-01 -3.36591553e-08 1.08240429e+00 1.92446124e+00 1.228995e+01 14 419429 400141 5 433762 426088 11 428685 346024 6 475864 456729 8 11533330 2740411 
0283_2 1011 78.539062     8     5  3.77903219e-01 -8.56475507e-08 -6.72833991e-01 1.92158753e+00 1.291381e+01 8 32894341 4151923 6 475094 453885 3 496573 483254 2 593125 583147 5 438479 429926 
0284_1 1110 78.781250     8     5  2.11956585e+00 -8.30902939e-08 9.96985301e-01 7.93987989e-01 1.203273e+01 19 423912 420937 11 442208 353528 2 571892 564252 6 495591 474959 8 3129102 1194490 
0284_2 1101 78.781250     8     5  6.09628531e-01 -5.56672066e-08 -4.70731164e-01 1.31040019e+00 1.181700e+01 11 443748 353008 2 567495 559617 14 424008 404346 3 497775 484664 8 8563113 1772469 
0285_1 1011 79.023438     8     5  2.74945628e+00 -1.16129080e-08 5.84000452e-01 2.11959473e+00 1.273580e+01 11 468220 373558 3 480007 467363 8 27025982 3289374 2 528949 521938 14 421008 401271 
0285_2 1010 79.023438     8     5  2.75571311e+00 -3.55005287e-10 -7.76322511e-01 2.14920669e+00 1.395947e+01 3 471551 460206 8 41850217 4135881 14 414440 395985 5 430990 423855 6 487963 468360 
0286_1 1111 79.265625     8     5  2.42670963e+00 -3.38648684e-08 1.08204498e+00 5.39659548e-01 1.180522e+01 5 486925 476898 6 508780 490238 8 1930269 1103131 2 562304 555693 3 516836 503669 
0286_2 1110 79.265625     8     5  1.14710675e+00 -1.04935292e-07 -8.92763972e-01 6.75958670e-01 1.215194e+01 6 512344 494779 8 5028872 1773970 11 490709 390812 19 470693 467444 14 463761 442867 
0287_1 1111 79.507812     8     5  3.23243064e-01 -4.18722653e-09 8.64705852e-01 6.25336465e-01 1.292432e+01 6 471151 454722 8 11672703 1844616 11 461395 372023 3 452779 440906 14 417544 398019 
0287_2 1101 79.507812     8     5  2.71986931e+00 -1.43782079e-08 -8.29288550e-01 1.38462248e+00 1.177069e+01 2 488631 483394 3 455428 443616 14 414820 395596 8 25770852 2437394 11 512825 385557 
0288_1 1110 79.750000     8     5  1.98122381e+00 -4.40144309e-08 8.76383847e-01 7.74278819e-01 1.186158e+01 8 12285702 2467997 6 557526 536562 14 493594 470336 5 497217 488301 11 540120 425804 
0288_2 1010 79.750000     8     5  4.32991326e-01 -5.86307148e-08 -1.08591254e+00 1.46428722e+00 1.232149e+01 8 38669844 3454665 3 564998 549382 14 489800 467618 2 573871 566477 5 488642 480065 
0289_1 0010 79.992188     8     6  2.67320595e+00 6.79034422e-09 2.08255378e-01 1.19408850e+00 2.379600e+01 5 3118989 835339 8 15429187 3442405 6 572235 543847 14 487316 466590 2 3603834 1194695 3 2665916 925499 
0289_2 1101 79.992188     8     6  2.59882462e+00 -4.92166054e-09 -1.23892631e+00 1.83840171e+00 2.030910e+01 2 4004148 1265784 8 48732709 4796500 5 3571120 891542 3 2950003 1045340 14 485516 464299 6 574768 543624 
0290_1 1000 80.234375     8     5  2.37539012e+00 -3.10754766e-08 1.25372610e+00 1.12625806e+00 1.191826e+01 2 551634 545990 19 497495 493738 5 504126 493853 8 19941817 2387396 11 551744 429412 
0290_2 0011 80.234375     8     5  1.14968216e+00 -4.26524423e-08 -5.38722964e-01 7.79602984e-01 1.238941e+01 19 504938 500873 8 30265770 3584349 6 567271 545578 2 563444 557566 3 536352 520546 
0291_1 1010 80.476562     8     5  2.05850312e+00 -8.46645677e-09 9.00428045e-01 8.85878885e-01 1.185526e+01 8 31057359 3891339 6 511503 491664 5 465219 456164 19 445350 442002 2 551429 545460 
0291_2 1111 80.476562     8     5  7.48382450e-01 -4.26191891e-08 -1.08922289e+00 6.43852887e-01 1.324267e+01 3 501664 487510 8 58468161 5262499 19 457368 453912 2 553431 547508 14 455503 433007 
0292_1 1111 80.718750     8     5  1.24960809e+00 -3.47530752e-08 6.41019416e-01 1.34703785e+00 1.159905e+01 8 21641227 2620441 11 487273 381386 3 486629 472320 19 435978 432623 5 450917 442430 
0292_2 0111 80.718750     8     5  6.40855143e-01 -5.84074630e-08 -5.58694752e-01 1.16587919e+00 1.331604e+01 3 476922 463790 8 36716237 3421298 11 472351 374330 2 504969 499711 6 523112 499544 
0293_1 0001 80.960938     8     5  1.53736208e+00 -4.56611074e-09 9.21779954e-01 1.52655305e+00 1.168738e+01 3 466247 453240 8 6029586 1804196 11 447314 351123 19 409586 406761 2 501494 496225 
0293_2 0011 80.960938     8     5  1.33780145e+00 -1.62612960e-08 -5.89606896e-01 1.67499089e+00 1.237163e+01 6 530637 505318 14 425940 406127 11 443464 350413 19 411725 408731 8 16190759 2870105 
0294_1 0101 81.203125     8     5  1.16019676e+00 -3.66578222e-08 4.93355985e-01 2.76409284e+00 1.259007e+01 14 503756 479362 6 583096 556884 19 483233 479842 8 14013684 2450310 2 568064 562195 
0294_2 0011 81.203125     8     6  1.15250017e+00 -3.07967099e-08 -6.44556104e-01 2.06700944e+00 1.304613e+01 14 507288 482753 8 30648178 3590616 19 484712 481193 6 575442 550292 2 575163 568915 11 516794 407907 
0295_1 1011 81.445312     8     5  1.94250594e+00 -1.86015548e-09 8.18642862e-01 1.41450491e+00 1.171816e+01 19 440358 436848 3 490985 477319 11 467585 369456 14 442072 421647 8 4738390 1315794 
0295_2 0000 81.445312     8     5  9.80266262e-01 -3.46170504e-08 -7.61612229e-01 3.07358717e-01 1.233469e+01 8 11292914 1901601 14 453436 431881 3 486422 472333 2 498952 494012 5 460484 452094 
0296_1 1100 81.687500     8     5  2.81158397e+00 -4.04249499e-09 1.03802204e+00 2.90957953e+00 1.326159e+01 8 12931894 2108723 3 485116 470433 14 435325 415526 6 511307 489289 11 468306 365016 
0296_2 0001 81.687500     8     5  2.04981181e+00 -6.75912020e-09 -1.17985776e+00 1.60784273e+00 1.173930e+01 5 460907 452207 19 458553 452753 3 491489 476231 14 446946 424948 8 27062981 2957846 
0297_1 1010 81.929688     8     4  2.72715003e+00 -9.87914701e-09 4.33927132e-01 1.90892807e+00 1.138542e+01 19 346221 344041 5 408225 400222 8 2811087 960395 2 436844 432317 
0297_2 0110 81.929688     8     5  1.47570199e+00 -7.90890032e-08 -1.24242137e+00 1.10625987e+00 1.169744e+01 3 418108 406555 11 438988 342884 14 377591 359881 8 7401579 1384844 2 432003 427747 
0298_1 1110 82.171875     8     5  1.93954619e+00 -4.64763081e-09 8.81140766e-01 1.24984523e+00 1.189163e+01 6 589730 567589 8 5195939 1830975 2 585101 579586 19 503347 499225 11 561566 436377 
0298_2 1101 82.171875     8     5  2.22247179e+00 -1.04213161e-07 -3.15381409e-01 4.78689786e-01 1.238967e+01 8 18875498 2727773 2 585487 579609 14 509029 483954 6 591917 568709 3 561343 545348 
0299_1 0011 82.414062     8     5  1.51411370e+00 -3.41410183e-09 7.43754503e-01 1.14186604e+00 1.222427e+01 19 368293 365658 3 426142 413174 8 5716533 1555125 6 460202 441323 11 403697 316885 
0299_2 0011 82.414062     8     5  1.95059014e+00 -1.37828200e-08 -7.35828294e-01 1.00385320e+00 1.236348e+01 8 15238993 2560739 14 386039 366383 5 404820 396893 19 377368 374520 3 425945 414008 
0300_1 0100 82.656250     8     5  2.74200927e+00 -1.19096928e-10 7.19078810e-01 5.38888343e-01 1.225060e+01 19 441189 436792 5 492356 481636 2 512529 507490 3 498389 483173 8 11280761 1647865 
0300_2 0000 82.656250     8     5  2.39806970e+00 1.33616720e-09 -9.99345114e-01 1.43028787e+00 1.230834e+01 19 455156 450533 11 472933 361352 5 481695 472073 14 448839 427499 6 551958 529504 
0301_1 0001 82.898438     8     5  1.67762518e+00 -2.41785704e-08 5.04574419e-01 2.67554571e+00 1.165166e+01 11 499020 388386 19 430589 427513 8 1679210 800457 5 480112 470371 2 521073 515699 
0301_2 1001 82.898438     8     4  2.76151539e+00 -1.47966479e-08 -8.37975177e-01 1.58345107e+00 1.105302e+01 2 519289 514094 5 489824 479861 11 512969 392867 8 3563460 1071505 
0302_1 0100 83.140625     8     8  2.11733141e+00 4.72395126e-09 7.39444050e-01 2.71486510e+00 1.899629e+01 2 3588363 1639015 5 7170266 1275181 14 7498060 1331858 11 18014690 1127237 19 6656119 1790450 3 3379673 1268949 6 9193058 1390930 8 17974706 2605536 
0302_2 1010 83.140625     8     8  2.11111715e+00 3.77813494e-09 -3.64688332e-01 2.71894488e+00 1.830071e+01 11 17651070 1228649 3 3773075 1339927 14 7130884 1389442 8 34371390 3592195 2 3879548 1681748 5 7253605 1370481 6 9344531 1462409 19 7326435 1885046 
0303_1 0101 83.382812     8     8  7.95296513e-01 4.47365325e-09 1.29322469e+00 1.00239942e+00 1.660266e+01 11 502861 384396 3 557002 535252 14 527568 487732 2 547945 536465 8 7057867 1690833 5 517193 501413 19 491204 475239 6 578318 547094 
0303_2 0100 83.382812     8     7  8.08896148e-01 -2.36142271e-09 -1.25186668e+00 1.75764687e+00 1.661447e+01 6 578739 546200 14 544040 502707 2 565050 554065 5 525888 511194 19 532385 511711 3 557819 536200 11 509060 385480 
0304_1 1000 83.625000     8     5  1.87864826e+00 5.28134333e-09 1.04105904e+00 1.76358232e+00 1.350008e+01 3 480262 391727 14 332140 315154 2 757022 490140 8 3229625 957610 19 324568 322278 
0304_2 0111 83.625000     8     5  1.93158271e+00 5.01649266e-09 -1.19925854e+00 9.36211067e-01 1.319640e+01 19 321901 319538 5 339530 332397 2 787429 534303 3 496993 405990 8 8338433 1371623 
0305_1 0001 83.867188     8     5  2.70911244e+00 2.92106190e-09 1.22364055e+00 1.24494571e+00 1.163233e+01 5 215953 211738 3 240594 232650 6 263997 247115 11 212600 163486 2 247123 244739 
0305_2 0001 83.867188     8     4  2.76968044e+00 -4.59482666e-08 -5.26661789e-01 1.39175893e+00 1.138689e+01 14 221127 207810 11 218235 166700 8 10600126 1656234 6 260797 246059 
0306_1 1010 84.109375     8     5  1.49222460e+00 -8.54897820e-08 2.85236250e-01 1.49060759e+00 1.209203e+01 19 527192 523421 2 618236 611773 11 570191 446903 8 6596338 1640914 14 539792 515333 
0306_2 0011 84.109375     8     5  5.32557518e-01 -4.08384884e-08 -1.02846403e+00 2.54360157e+00 1.211001e+01 6 653887 622420 19 535424 531421 2 615339 608548 11 555791 442985 8 12441344 2215088 
0307_1 1110 84.351562     8     5  2.55901159e-01 -1.09671353e-08 9.95118574e-01 5.99602083e-01 1.204696e+01 8 6498626 1575364 6 548820 525886 3 524701 509414 2 547500 541973 5 489070 479855 
0307_2 1101 84.351562     8     5  2.51348788e+00 -1.53246775e-08 -1.20064817e+00 2.01551858e+00 1.166827e+01 8 14163385 2084622 11 487737 391144 14 466942 445419 19 445881 442727 3 532254 515154 
0308_1 1100 84.593750     8     5  2.20272181e+00 1.78836319e-09 6.73594232e-01 2.62851735e+00 1.168690e+01 2 531003 525652 19 446730 443493 6 539407 513837 14 483399 460475 8 13556740 2165454 
0308_2 0010 84.593750     8     5  2.39894786e+00 -4.06204877e-08 -1.08200845e+00 7.45591439e-01 1.199687e+01 8 23952645 2822195 14 490796 467638 19 441546 438669 2 524178 519008 6 539424 515696 
0309_1 1100 84.835938     8     5  3.74672416e-01 -2.30378107e-08 3.50505713e-01 1.75200353e+00 1.168687e+01 2 533466 528319 14 476862 454141 19 457882 454821 8 4203165 1201830 11 502080 395597 
0309_2 0111 84.835938     8     5  2.53135607e+00 -3.31965026e-08 -1.06170469e+00 5.22225128e-01 1.211517e+01 11 499559 397841 3 523446 508910 6 560902 538224 14 474227 452893 8 11871443 1782205 
0310_1 1101 85.078125     8     5  2.58352110e+00 -1.65219046e-09 8.79859840e-01 2.96833918e+00 1.231490e+01 19 546255 541889 6 664306 632321 5 577038 565989 2 621116 614511 8 18544969 2722120 
0310_2 1101 85.078125     8     5  2.60697200e-01 -1.89808890e-09 -9.42524976e-01 9.10358851e-02 1.280010e+01 11 581924 459658 8 32176837 3532276 3 607987 590393 2 622422 616425 5 577554 566291 
0311_1 1111 85.320312     8     5  1.41733938e+00 -2.16835804e-08 4.93000794e-01 2.17134229e+00 1.171873e+01 2 533709 528630 3 529018 514461 8 11542905 2217064 5 494877 485759 14 487433 465214 
0311_2 1000 85.320312     8     5  8.37778400e-01 -2.12208874e-10 -1.09532525e+00 2.05113583e+00 1.222473e+01 6 551664 526368 8 23974448 2828274 3 527810 512758 19 487184 483167 11 496425 395271 
0312_1 0100 85.562500     8     5  9.54989904e-01 -5.66658587e-08 1.01070635e+00 1.34076690e+00 1.194024e+01 19 487130 483023 5 501960 491880 3 531186 515564 8 6966198 1527292 6 650694 594639 
0312_2 0101 85.562500     8     5  3.16261148e-01 -7.40316113e-09 -1.26365385e+00 1.42247367e+00 1.242239e+01 5 504680 494258 6 658603 595123 8 13169307 2131954 2 543182 537181 14 480601 458433 
0313_1 1111 85.804688     8     8  3.08529004e-01 -9.82139126e-09 7.41534661e-01 2.13717738e+00 1.804822e+01 2 583000 559106 3 531883 512623 8 6723672 1743497 14 590314 500780 11 580693 441769 6 590975 547017 5 517675 501749 19 560110 523569 
0313_2 1100 85.804688     8     8  3.11947335e-01 1.72600366e-10 -1.05459213e+00 1.59263091e+00 1.798332e+01 8 14532531 2115687 6 609587 553975 3 554823 531207 19 578062 535068 2 586593 560928 5 527465 508154 11 593792 443822 14 599704 514629 
0314_1 0000 86.046875     8     5  1.24005630e+00 -2.47298609e-08 7.26915528e-01 2.73685284e+00 1.211141e+01 5 599294 586565 6 639392 610439 8 10000550 2078562 11 586892 467300 19 559603 555568 
0314_2 0010 86.046875     8     5  1.42809538e+00 -3.82505321e-08 -3.79295608e-01 1.65598035e+00 1.194680e+01 14 577652 550547 19 559987 555834 3 609921 593065 2 616026 610305 8 21479316 3238763 
0315_1 0000 86.289062     8     4  2.46240118e+00 -1.04143667e-09 8.87165610e-01 1.44409352e+00 1.120339e+01 2 545565 539970 3 537245 521517 8 4116850 1393992 5 506067 495759 
0315_2 1011 86.289062     8     5  1.06131253e+00 -1.07427397e-07 -5.70865975e-01 9.35171828e-01 1.279303e+01 2 552583 546982 14 510257 485557 8 11291914 2389343 6 554668 529890 19 492963 489377 
0316_1 1001 86.531250     8     5  1.11153976e+00 -4.09742252e-08 1.34883122e+00 9.94135878e-01 1.182536e+01 11 510247 401134 5 527170 515663 2 563043 556968 3 548012 532034 19 510770 506864 
0316_2 0000 86.531250     8     5  1.08365986e+00 -1.02416351e-07 -9.80887306e-01 2.15434653e+00 1.169900e+01 8 6802737 1488617 11 509621 400623 14 496218 471672 5 524277 512882 3 559111 542133 
0317_1 1101 86.773438     8     5  1.03083106e+00 -2.66418193e-08 5.94312788e-01 2.61196096e+00 1.199700e+01 8 2325061 1171619 11 552970 432535 5 521000 510595 14 531179 503939 6 610926 577524 
0317_2 1111 86.773438     8     5  2.19925496e+00 -7.40943304e-08 -3.93722023e-01 1.90969032e+00 1.156733e+01 11 557850 435970 6 597153 567543 19 549155 544898 8 3132798 1461491 2 569946 564468 
0318_1 0111 87.015625     8     5  1.33399149e+00 -1.08834786e-07 6.09143322e-01 1.35632393e+00 1.189077e+01 14 591548 560442 6 643884 614240 8 1810234 1102511 5 603715 590819 2 621249 615325 
0318_2 0111 87.015625     8     5  7.32546994e-01 -6.32814675e-08 -6.77816004e-01 1.90304149e+00 1.182531e+01 3 600086 583313 5 589638 577551 14 588373 557449 8 2869756 1307386 19 558970 554565 
0319_1 1011 87.257812     8     5  2.49634301e+00 -1.15321160e-08 1.09817594e+00 5.35014697e-01 1.207971e+01 19 562817 558564 6 687029 646780 5 602232 589816 8 3494221 1638587 14 563040 535565 
0319_2 1010 87.257812     8     5  2.52035421e+00 -1.25276797e-08 -1.02326616e+00 6.41653899e-01 1.222223e+01 3 600405 583731 5 599421 586451 6 688767 650257 8 11742777 2541125 19 563926 559625 
0320_1 0111 87.500000     8     5  1.77520615e+00 -8.10419028e-08 1.01055690e+00 5.70975826e-01 1.204771e+01 8 2420799 1207440 2 651762 645444 19 551388 547492 5 592947 581441 6 675698 642952 
0320_2 1100 87.500000     8     5  2.05047385e+00 -4.99909717e-09 -9.12026352e-01 2.40738952e+00 1.150300e+01 14 584576 554962 6 667911 636253 8 3116133 1252390 11 611147 479570 5 589868 578386 
0321_1 0100 87.742188     8     5  2.62919498e+00 -5.39013032e-08 3.83003531e-01 1.73553022e+00 1.182039e+01 2 549639 543627 3 541483 526184 19 485681 481908 5 509612 500058 8 35667426 3348101 
0321_2 0001 87.742188     8     5  2.48580283e+00 -5.08482729e-08 -5.38377100e-01 1.53307358e+00 1.363544e+01 3 541740 526513 2 559076 553286 8 58002229 4799023 19 481010 477606 6 557878 532930 
0322_1 1000 87.984375     8     5  1.45184861e+00 7.94350039e-09 5.59599391e-01 1.63104574e+00 1.200366e+01 14 553239 527179 2 648069 640664 8 29170805 3715640 19 542085 538112 6 621675 596358 
0322_2 0100 87.984375     8     5  2.32278417e+00 -7.09449535e-08 -6.65845142e-01 3.11595020e-01 1.312168e+01 2 656053 648674 8 57304371 5094545 5 585426 573835 6 621795 594976 14 559399 532552 
0323_1 1000 88.226562     8     6  6.07260075e-01 -4.94300445e-08 1.26543835e+00 1.58278382e+00 1.275334e+01 19 502534 498739 6 601794 575545 5 539122 528075 8 26104383 2791795 11 529458 419871 2 584673 578351 
0323_2 0011 88.226562     8     5  1.81219714e+00 -2.12515166e-08 -5.50712774e-01 1.83982784e+00 1.183055e+01 8 44494608 4012514 2 592310 586124 3 552862 537736 19 501626 498165 14 501068 477993 
0324_1 1011 88.468750     8     4  2.84077370e+00 -8.40813656e-09 1.00326797e+00 2.36500542e+00 1.089466e+01 8 3875174 1231233 6 618046 588384 19 492961 489614 2 634218 627536 
0324_2 1110 88.468750     8     5  1.50395618e+00 -4.15020207e-08 -7.66582194e-01 2.42968691e+00 1.187962e+01 6 605815 578568 2 632372 625501 19 494868 491360 5 545771 534763 11 541734 432765 
0325_1 0101 88.710938     8     5  2.56492120e+00 -9.60516571e-08 8.73171535e-01 2.79541798e+00 1.223145e+01 11 529713 423786 6 571790 546669 19 486061 482703 14 523250 498701 8 7512554 1798733 
0325_2 0011 88.710938     8     4  2.80028403e+00 -9.79226901e-09 -8.19679794e-01 1.86938023e+00 1.113685e+01 6 571743 548368 3 576745 561198 2 623809 617349 8 13033539 2381919 
0326_1 0000 88.953125     8     5  2.67155413e+00 -4.79330333e-08 1.11424556e+00 6.85467586e-01 1.185579e+01 5 545744 535036 3 574465 558565 2 617420 610495 8 20289321 2469397 11 538419 425919 
0326_2 0010 88.953125     8     5  2.56429659e+00 -6.41032427e-08 -4.48958609e-01 9.02057188e-01 1.283482e+01 14 523954 500086 3 589733 573411 5 552729 542141 8 33944313 3406358 19 495543 492113 
0327_1 0110 89.195312     8     6  2.63820809e+00 -1.59659208e-08 4.29135152e-01 2.28213561e+00 3.180722e+01 19 11495088 1697222 2 716498 708232 14 9885839 1193334 8 8651927 2063599 6 707180 675070 11 10467255 871101 
0327_2 0011 89.195312     8     6  2.64729657e+00 -7.86333409e-09 -1.18960829e+00 2.49363150e+00 4.334314e+01 11 15260476 885746 8 18714935 2859052 2 700569 693647 19 16430228 2138374 14 16082453 1518523 5 638413 624083 
0328_1 1000 89.437500     8     5  4.56109158e-01 -3.77714828e-08 8.13153444e-01 2.81018907e+00 1.228333e+01 14 542100 515824 8 28279551 3041155 2 652910 643906 6 587536 563852 3 652704 627372 
0328_2 1111 89.437500     8     5  3.78874815e-01 -2.44563085e-08 -6.86888994e-01 8.49074637e-01 1.322008e+01 14 546073 520475 6 588061 565097 11 544702 438281 5 555344 545035 8 43474505 4728069
