0001_1 0110 10.242188     8     3  8.65799114e-01 -4.26124621e-08 7.65284305e-01 2.30904801e+00 9.272087e+00 14 9905 9842 5 9238 9204 2 11396 11367 
0001_2 1001 10.242188     8     3  5.62547912e-01 -1.01645759e-09 -7.84326149e-01 1.55535656e+00 9.198660e+00 14 10081 10040 5 8913 8889 8 9458 9270 
0002_1 1000 10.484375     8     3  7.50648594e-01 -4.32878863e-08 5.80096717e-01 1.61760613e+00 9.138232e+00 14 10284 10188 3 10949 10811 19 9601 9579 
0002_2 1100 10.484375     8     3  1.89466094e+00 -1.18543017e-07 -6.76487393e-01 1.57079633e+00 8.919875e+00 2 11696 11659 8 8931 8630 3 11066 10908 
0003_1 1000 10.726562     8     3  1.85238952e+00 -1.00738177e-07 3.78098756e-01 1.66695359e+00 9.152963e+00 3 11911 11740 11 9209 8666 8 10941 10580 
0004_1 0101 10.968750     8     3  2.28312755e+00 6.81322946e-09 4.99662784e-01 1.89367677e+00 9.511142e+00 19 8749 8741 3 13727 13561 2 16171 16132 
0004_2 1000 10.968750     8     3  1.52105998e+00 -7.35688971e-09 -2.19613346e-01 1.99509116e+00 8.977853e+00 8 10386 10044 2 16279 16223 19 8893 8877 
0005_1 1100 11.210938     8     3  2.55789728e+00 -1.47541238e-09 1.12219793e-01 1.68297709e+00 9.573892e+00 8 13433 12910 2 16102 16050 14 14040 13882 
0005_2 0011 11.210938     8     3  6.32794509e-01 -2.41186441e-08 -1.59378679e-01 5.36784471e-01 9.419196e+00 19 15219 15206 8 13585 13397 3 13124 13044 
0006_1 0110 11.453125     8     4  5.89807816e-01 3.12201213e-10 1.14758641e+00 1.25794190e+00 1.602978e+01 14 14824 14201 11 13031 12310 8 13458 12982 19 14621 14565 
0006_2 1111 11.453125     8     5  5.90600818e-01 -2.00351325e-10 -1.19490694e+00 1.57079633e+00 1.609356e+01 11 12818 12371 14 14759 14372 8 13365 13099 19 14541 14521 6 15251 15190 
0007_1 1101 11.695312     8     7  2.59527882e+00 3.69428168e-09 8.70804859e-01 1.06489790e+00 2.676401e+01 3 14710 14346 6 97485 39406 11 172595 40595 14 130950 48100 5 30256 22023 19 66846 47892 8 270714 71493 
0007_2 0100 11.695312     8     7  2.59433370e+00 9.29347460e-10 -5.95110672e-01 2.07813677e+00 2.484686e+01 19 72197 43555 8 275553 50528 6 101981 33554 3 15087 14364 11 166678 28340 14 136392 41189 5 32267 20350 
0008_1 1110 11.937500     8     3  1.16673789e+00 -9.32596539e-08 6.49746520e-01 2.92571663e+00 8.961650e+00 8 12592 12238 3 11833 11654 2 14172 14139 
0008_2 1100 11.937500     8     3  2.70165919e+00 -4.26894255e-08 -8.65479850e-01 1.29722549e+00 9.246513e+00 3 12080 11775 6 15701 15516 11 11938 11191 
0009_1 1011 12.179688     8     3  1.06151444e+00 -5.16072026e-08 1.81840862e-01 2.18257579e+00 8.925878e+00 6 16268 16203 2 15312 15287 5 11657 11645 
0009_2 1000 12.179688     8     3  1.62978118e+00 -3.09890892e-08 -8.71613329e-01 1.43502071e+00 8.881499e+00 14 13274 13093 19 13385 13341 5 11644 11591 
0010_1 1111 12.421875     8     7  9.82047588e-01 -1.98889718e-11 1.16170352e+00 1.57079633e+00 2.107354e+01 6 16411 16303 19 14929 14738 5 12128 12102 2 14234 14208 11 12054 11729 8 13728 13191 14 13184 12805 
0010_2 1010 12.421875     8     7  9.80841953e-01 3.13657523e-10 -1.02099183e+00 1.51150689e+00 2.126744e+01 5 12457 12417 8 13845 12901 11 11727 11241 19 15097 14724 6 16231 16046 3 12727 12485 14 13437 12805 
0011_1 1000 12.664062     8     3  1.74479660e+00 -4.25480020e-08 6.76708978e-01 1.23560705e+00 1.009557e+01 14 13050 12861 8 142095 28709 19 12673 12644 
0011_2 0000 12.664062     8     3  1.65349095e+00 -1.19538247e-07 -5.07206100e-01 1.88308261e+00 1.016666e+01 19 12820 12795 3 15065 14688 8 145941 28799 
0012_1 0100 12.906250     8     3  2.11148054e+00 2.43114183e-09 5.58880609e-01 1.61701691e+00 9.392699e+00 6 20116 19866 14 15267 15076 19 13709 13683 
0012_2 0101 12.906250     8     3  2.36053995e+00 -3.27157440e-08 -5.95644773e-01 1.04728518e+00 9.239313e+00 6 19954 19802 3 15147 14874 2 18229 18186 
0013_1 0000 13.148438     8     3  1.34924433e+00 2.98882958e-09 6.16819116e-01 1.73480601e+00 9.264396e+00 8 14280 13606 6 17796 17548 3 14017 13663 
0013_2 1110 13.148438     8     3  1.92714480e+00 -4.37449113e-08 -6.92200398e-01 7.61258681e-01 9.364873e+00 19 13046 13024 2 14848 14811 5 13864 13766 
0014_1 1100 13.390625     8     8  1.37194707e+00 6.94703778e-10 1.02489188e+00 1.62327337e+00 3.735475e+01 3 24601 18064 19 66805 33385 11 104792 26618 2 30268 21443 6 40137 24978 14 77776 29323 8 233165 46293 5 31021 18411 
0014_2 1000 13.390625     8     8  1.36869628e+00 3.46475284e-10 -5.85637126e-01 1.81245340e+00 3.935029e+01 8 244177 49383 14 90947 32811 19 77104 38815 11 118486 29436 3 25655 18827 6 40155 25203 5 31411 18954 2 31875 22460 
0015_1 0000 13.632812     8     8  1.36352444e+00 2.85687510e-10 9.09522055e-01 1.89292813e+00 3.448452e+01 6 1027725 160192 8 445492 105541 5 747851 174822 2 622427 156670 19 35649 34282 3 419823 184283 14 106391 47438 11 76814 27311 
0015_2 1100 13.632812     8     8  1.36344110e+00 9.84075976e-10 -7.52838790e-01 1.65647705e+00 3.022465e+01 11 69217 26233 3 384124 177629 6 1044616 158272 5 740232 176468 19 36207 34668 2 620501 161034 8 448402 106885 14 120324 49678 
0016_1 1101 13.875000     8     3  1.01146014e+00 -7.25731052e-08 6.42284799e-01 1.71788351e+00 9.363227e+00 14 16275 16154 6 25267 24913 8 15856 15298 
0016_2 0001 13.875000     8     3  2.04230792e+00 -6.21856873e-08 -7.25581450e-01 6.50445778e-01 9.451832e+00 2 17177 17046 19 14614 14586 6 25295 24938 
0017_1 1011 14.117188     8     3  6.47090848e-01 -7.13659728e-08 2.46732383e-01 1.19210872e+00 1.371561e+01 3 20671 20291 8 221954 67730 6 25498 25315 
0017_2 1001 14.117188     8     3  6.46763226e-01 -6.07671641e-08 -7.93244002e-01 1.92664277e+00 1.041716e+01 5 20422 20172 11 17053 16050 8 215312 46898 
0018_1 1100 14.359375     8     4  1.76313174e+00 2.69169939e-10 1.25078501e+00 1.91922407e+00 1.132623e+01 19 17538 17499 8 23005 21259 11 20774 18994 14 20562 20278 
0018_2 1111 14.359375     8     4  1.76853043e+00 -3.78385406e-10 -1.23569642e+00 1.57079633e+00 1.247674e+01 14 20990 20838 11 20438 19620 19 17583 17565 8 23226 22292 
0019_1 1000 14.601562     8     3  2.39679062e+00 -3.93266726e-08 7.12411155e-01 9.06769708e-01 9.427424e+00 5 17057 16930 19 19159 19105 8 18749 17803 
0019_2 0000 14.601562     8     3  2.44238045e+00 -4.88961768e-08 -7.11170161e-01 1.34216757e+00 9.252295e+00 2 21066 20986 6 22037 21698 19 19230 19180 
0020_1 0001 14.843750     8     4  7.15712467e-01 1.86482235e-09 1.31680671e+00 1.19383863e+00 1.603825e+01 14 22181 21074 19 27450 26657 8 35159 23792 11 22871 19770 
0020_2 1110 14.843750     8     4  7.21975905e-01 -2.63539207e-10 -1.12438900e+00 1.47915733e+00 1.784983e+01 8 34945 24006 14 22377 21135 11 22310 19244 19 27998 26646 
0021_1 1100 15.085938     8     3  1.57438001e+00 -9.39108627e-08 8.28082372e-01 1.60784055e+00 9.561064e+00 6 23062 22708 3 21352 20576 2 20636 20542 
0021_2 0111 15.085938     8     3  5.20388865e-01 2.05445965e-09 -7.37899070e-01 4.10622994e-01 1.088567e+01 19 32524 31519 14 29243 27950 2 21192 21143 
0022_1 1110 15.328125     8     3  2.56857302e+00 -8.71043002e-12 6.35789013e-01 1.09812306e+00 9.199367e+00 2 21544 21465 14 17417 17179 11 19258 17929 
0022_2 1101 15.328125     8     3  1.64538177e+00 -1.21677488e-08 -3.18191774e-01 1.64736560e+00 9.273129e+00 8 19736 18997 14 17006 16861 3 18529 18046 
0023_1 0100 15.570312     8     5  1.69996092e+00 3.90649096e-10 7.39682779e-01 2.02459654e+00 1.370441e+01 5 45783 30760 8 258317 55242 19 28118 25519 6 37642 31154 11 23858 19253 
0023_2 1110 15.570312     8     5  1.72077813e+00 -3.48825471e-09 -6.94091339e-01 1.21207468e+00 1.611175e+01 2 68537 38743 19 27723 25676 3 49466 31393 11 23405 20431 5 44132 32934 
0024_1 1101 15.812500     8     3  2.65225575e+00 -2.53100483e-08 8.28931576e-01 1.36726755e+00 1.364239e+01 6 21513 21302 5 18535 18430 8 161554 57053 
0024_2 0101 15.812500     8     3  1.01182811e+00 -1.23800611e-07 -1.19164251e+00 1.76727099e+00 8.993516e+00 6 21437 21205 5 18864 18753 3 19546 18942 
0025_1 1010 16.054688     8     3  2.03703861e+00 -3.35438066e-08 6.16753809e-01 6.75391934e-01 9.718605e+00 2 20128 20052 5 19539 19409 8 26244 24968 
0025_2 1110 16.054688     8     3  1.29541955e+00 -3.47754647e-08 -7.69883272e-01 7.38458326e-01 9.381848e+00 19 20213 20167 14 21322 20923 11 23753 22031 
0026_1 1100 16.296875     8     3  2.78690487e+00 4.06512338e-09 4.61959511e-01 1.46277583e+00 1.261835e+01 5 19596 19383 8 257775 36638 2 19253 19156 
0026_2 1100 16.296875     8     3  2.75580405e+00 -2.30613980e-08 -9.12974229e-01 2.24519140e+00 1.106420e+01 11 22204 19643 3 19224 18349 8 250150 36536 
0027_1 1000 16.539062     8     4  6.91249531e-01 6.24036214e-09 3.65443877e-01 2.07543600e+00 1.118384e+01 2 24627 24344 5 27311 25417 3 25748 24707 14 23507 22715 
0027_2 1000 16.539062     8     4  6.79268062e-01 2.21397400e-09 -8.28797672e-01 1.86186988e+00 1.142901e+01 3 25542 24430 2 24690 24387 5 27834 25616 6 26771 26058 
0028_1 1000 16.781250     8     3  2.31122735e+00 -2.73898449e-08 5.91437637e-01 1.02035635e+00 9.361451e+00 5 21440 21251 19 26653 26393 11 22859 20670 
0028_2 0001 16.781250     8     3  1.25560431e+00 -8.45011412e-08 -7.92666341e-01 1.77482569e+00 9.215111e+00 8 26424 25051 19 26314 26176 2 22408 22317 
0029_1 1101 17.023438     8     3  2.83909794e+00 2.90686879e-11 9.82141545e-01 2.24693294e+00 1.058317e+01 11 22659 21103 3 24676 23822 5 25816 25509 
0029_2 1100 17.023438     8     4  2.37783484e+00 -2.66742896e-08 -2.83506149e-01 1.83188232e+00 1.036319e+01 3 24709 23612 6 24930 24502 2 24492 24360 8 33433 30183 
0030_1 0010 17.265625     8     3  1.55228632e+00 1.13215286e-08 4.85429658e-01 4.67901309e-01 9.828462e+00 19 25723 25529 3 25854 24954 11 23821 22131 
0030_2 0111 17.265625     8     4  1.95845116e+00 -5.63342295e-08 -5.22849434e-01 2.10853685e+00 1.042903e+01 3 26553 25867 19 26583 26417 8 34519 32036 6 27750 27514 
0031_1 1000 17.507812     8     3  2.46434123e+00 7.02486649e-09 9.05484461e-01 1.98128242e+00 9.316436e+00 3 28112 26730 8 34940 30540 19 25380 25155 
0031_2 1000 17.507812     8     4  1.83648397e+00 -3.93225740e-08 -1.04701713e+00 1.18122430e+00 1.029140e+01 6 29851 29292 11 26458 23989 3 28411 27056 2 25412 25243 
0032_1 0010 17.750000     8     8  6.21682437e-01 1.09217998e-09 8.77429776e-01 2.71983050e+00 1.784016e+01 11 439307 155266 8 167837 98016 14 537955 199038 5 622515 227721 19 731642 278720 6 523621 205460 2 850845 314429 3 621830 249472 
0032_2 1001 17.750000     8     8  6.20393112e-01 7.85269816e-10 -2.33432945e-01 1.86360802e+00 1.747338e+01 19 799160 343864 3 571912 224336 11 430975 160913 8 145331 90087 5 577736 214964 2 818672 286849 14 514209 208380 6 477817 192631 
0033_1 0010 17.992188     8     3  2.27458044e+00 -8.48203583e-08 8.14942195e-01 7.30218797e-01 9.400820e+00 3 25914 25042 14 23857 23484 8 41419 36348 
0033_2 0000 17.992188     8     4  5.96611747e-01 6.50894293e-09 -5.05397903e-01 2.04050778e+00 1.062412e+01 5 25914 25630 6 29051 28401 3 25242 24128 2 26036 25844 
0034_1 1010 18.234375     8     3  1.61856999e+00 -8.00589693e-11 9.09563927e-01 1.97971998e+00 1.084813e+01 3 26848 25820 19 84491 45936 14 55869 34659 
0034_2 0001 18.234375     8     3  1.63124454e+00 -7.63759574e-10 -5.88473860e-01 1.16304585e+00 1.089483e+01 19 83554 50990 3 27132 26060 14 56698 36163 
0035_1 0111 18.476562     8     3  2.66380149e+00 -3.17277566e-08 3.60267189e-01 2.01511715e+00 9.592445e+00 14 24988 24639 19 84746 55434 5 21953 21857 
0035_2 1010 18.476562     8     3  2.78800864e+00 -2.92069431e-08 -9.06097164e-01 9.44156898e-01 9.574341e+00 5 21656 21499 8 29702 26819 19 86277 51890 
0036_1 1101 18.718750     8     4  2.49038464e+00 -1.13918699e-07 1.06005237e+00 1.84022361e+00 1.039758e+01 5 22417 22249 8 30145 27365 14 22505 22113 11 20464 19137 
0036_2 1001 18.718750     8     3  1.77414881e+00 -2.35499905e-08 -1.02666964e+00 2.13064798e+00 9.297003e+00 6 24339 24047 8 28587 26119 2 24742 24635 
0037_1 1110 18.960938     8     4  2.36358130e+00 -8.10385340e-10 7.85083201e-01 2.51119682e+00 3.363339e+01 14 663743 113033 8 438848 97536 11 498095 77501 6 300704 71526 
0037_2 1010 18.960938     8     4  2.35782493e+00 -6.46989003e-10 -1.35294144e-01 2.41929627e+00 3.261058e+01 8 412807 97467 6 320845 72512 11 521308 82342 14 613371 119001 
0038_1 1100 19.203125     8     4  2.86375879e+00 1.18651372e-09 8.75840884e-01 1.54472847e+00 1.036927e+01 8 61600 34009 3 26608 25302 11 27061 24420 14 25910 25185 
0038_2 0001 19.203125     8     3  1.95188729e+00 -8.01234875e-08 -1.00839231e+00 2.29667750e+00 9.333446e+00 6 29565 29131 14 25849 25431 2 29239 29111 
0039_1 1000 19.445312     8     5  2.57329569e+00 7.98681735e-11 6.83096771e-01 1.44897155e+00 6.760491e+01 6 507101 71930 11 1018718 79344 14 806912 104812 2 28131 27911 8 609255 78425 
0039_2 1100 19.445312     8     5  2.56655618e+00 1.69341993e-09 -3.35003911e-01 1.53728565e+00 5.720048e+01 14 635446 108196 11 975981 83826 6 483422 70338 3 26755 25359 8 557056 79188 
0040_1 1110 19.687500     8     5  2.67409304e+00 1.11099948e-09 1.21362598e+00 1.12448573e+00 1.458562e+01 3 25292 23916 5 22998 22676 14 36473 31924 11 22630 20410 2 23129 22998 
0040_2 0100 19.687500     8     6  2.67649335e+00 -6.15817265e-10 -1.16820724e+00 2.09622387e+00 1.554383e+01 5 22975 22586 11 22828 19922 14 36113 31908 3 24727 23087 6 25422 24747 2 22640 22451 
0041_1 1111 19.929688     8     4  1.52752904e+00 1.47936420e-09 1.94309322e-01 1.22682230e+00 1.353446e+01 2 29556 29150 5 28539 27951 3 32768 29764 6 31148 30882 
0041_2 0000 19.929688     8     5  1.51575523e+00 1.32376601e-09 -5.64738205e-01 1.30565415e+00 1.247979e+01 11 30043 26998 6 31861 31156 2 30232 29463 3 32340 28037 5 28855 27550 
0042_1 1110 20.171875     8     3  2.14160837e+00 -3.81051549e-08 5.07510223e-01 6.93460450e-01 9.444761e+00 3 29606 28441 19 31407 31097 8 38697 34871 
0042_2 0100 20.171875     8     4  1.49866726e+00 -1.03164487e-07 -4.89608757e-01 1.21240784e+00 1.052726e+01 3 29731 28242 6 37057 36168 8 38913 33996 11 30207 27173 
0043_1 1100 20.414062     8     4  2.54531706e+00 -2.09289181e-08 1.94262686e-01 1.49022771e+00 1.045931e+01 5 29952 29636 2 34770 34523 11 31732 28511 8 42546 36777 
0043_2 1000 20.414062     8     4  1.60178286e+00 -7.31667951e-08 -6.96254530e-01 2.10695492e+00 1.044694e+01 6 34115 33334 19 31438 31200 14 31522 30756 5 30706 30346 
0044_1 0101 20.656250     8     5  2.59110302e+00 4.03266790e-10 8.25462459e-01 1.39520732e+00 1.325260e+01 6 34237 33115 5 30493 29439 14 28058 27559 3 30519 29066 2 29658 29386 
0044_2 0100 20.656250     8     5  2.57889962e+00 -1.62143402e-10 -1.02070581e+00 1.75128668e+00 1.659575e+01 6 34674 33169 19 27682 27435 3 30276 28577 5 30665 29457 2 29442 29097 
0045_1 1100 20.898438     8     6  5.47382727e-01 -2.99836502e-09 8.54124033e-01 1.33379213e+00 2.259146e+01 5 233154 66832 2 249572 73432 8 49227 41189 3 158882 55088 11 92343 41211 19 88511 61453 
0045_2 1100 20.898438     8     6  5.52618179e-01 -5.37105470e-09 -6.46429707e-01 1.43979305e+00 2.078140e+01 3 184501 61696 11 93518 41335 8 50281 41089 5 241473 66872 19 89838 62151 2 316413 88666 
0046_1 1100 21.140625     8     3  2.55995031e+00 -7.89477099e-09 4.41104244e-01 1.35782200e+00 9.467432e+00 8 61876 45358 2 34110 33827 3 34109 32334 
0046_2 0000 21.140625     8     3  2.54912869e+00 -2.00241744e-08 -8.10843247e-01 9.55398822e-01 9.355630e+00 2 33947 33698 11 28756 25371 6 35238 34519 
0047_1 0010 21.382812     8     3  2.24161113e+00 -8.25442475e-08 1.11920860e+00 8.90343113e-01 9.717163e+00 11 26552 24330 2 27382 27269 8 46856 39525 
0047_2 0101 21.382812     8     3  2.29909957e+00 -3.49971555e-08 -9.71430354e-01 1.64191188e+00 9.470292e+00 19 23410 23338 8 48520 40252 14 24942 24603 
0048_1 1111 21.625000     8     3  1.57004608e+00 4.43757441e-09 5.19399988e-01 1.66306822e-01 9.692135e+00 2 29418 29304 5 30872 30666 3 33792 32550 
0048_2 1100 21.625000     8     4  2.31317350e+00 -4.83412442e-08 -7.98293858e-01 1.57189706e+00 1.030819e+01 3 32667 30838 2 29327 29168 8 36757 32022 6 34263 33468 
0049_1 0101 21.867188     8     5  1.16029151e+00 2.12312902e-09 1.20071170e+00 8.36386746e-01 1.499520e+01 2 40944 39401 11 35144 31817 6 41018 40277 19 36476 35794 5 35282 34999 
0049_2 1100 21.867188     8     4  1.16640596e+00 1.42022075e-09 -1.04484046e+00 1.09537390e+00 1.472101e+01 5 35787 35345 2 41128 39108 19 38666 36754 6 40968 39871 
0050_1 0000 22.109375     8     4  2.12741680e+00 -4.48407058e-08 4.23731807e-01 1.55883435e+00 1.042506e+01 6 42079 41065 19 38555 38310 3 38745 36836 2 38283 38030 
0050_2 0110 22.109375     8     3  2.67243905e+00 -5.01889219e-08 -9.59468404e-01 1.39704556e+00 9.198408e+00 6 41920 41243 19 38837 38672 3 38015 36519 
0051_1 1001 22.351562     8     4  1.16534977e+00 -9.58198120e-10 2.83411253e-01 2.01917889e+00 1.605935e+01 5 40411 39896 19 486962 168396 2 36708 36533 14 285054 79251 
0051_2 0100 22.351562     8     4  1.16857065e+00 2.20343467e-09 -6.90963115e-01 9.29473920e-01 1.397601e+01 19 540501 141079 5 41800 40890 2 37101 36881 14 306838 66754 
0052_1 0100 22.593750     8     4  1.95569685e+00 -7.42817529e-11 4.19380828e-01 1.82520066e+00 1.084246e+01 5 32229 31414 3 30299 28375 11 28950 25510 19 27285 27168 
0052_2 1100 22.593750     8     4  2.27269027e+00 -9.33274027e-08 -4.19361212e-01 1.45999094e+00 1.040678e+01 3 30995 28959 2 27577 27387 11 30249 26562 19 26809 26678 
0053_1 0000 22.835938     8     4  1.52376347e+00 -8.93298880e-12 9.77188757e-01 1.49823123e+00 1.312698e+01 19 38786 38519 11 39453 34743 2 39926 39402 5 39855 39330 
0053_2 0001 22.835938     8     5  1.52957083e+00 -1.46629158e-09 -1.09372864e+00 1.97142235e+00 1.206021e+01 6 46298 45560 2 41212 40847 11 38534 35245 5 39158 38817 19 40159 39976 
0054_1 0100 23.078125     8     4  1.26717127e+00 -3.18002708e-08 4.03138148e-01 1.83362282e+00 1.043322e+01 3 39333 37460 8 50032 40367 19 35534 35351 11 38253 33487 
0054_2 0001 23.078125     8     3  2.54730332e+00 -3.56910552e-08 -4.29490412e-01 1.51718646e+00 9.154803e+00 14 36893 36233 19 34924 34819 5 36103 35772 
0055_1 0100 23.320312     8     4  1.42929812e+00 -1.15081586e-07 7.81449558e-01 1.27704202e+00 1.019078e+01 8 36755 30612 6 32270 31332 5 30942 30497 11 31184 27386 
0055_2 0100 23.320312     8     4  1.60463853e+00 -1.21897380e-07 -6.84788492e-01 1.71072084e+00 1.074428e+01 8 36980 31238 6 32117 31322 5 32951 32446 11 31447 27780 
0056_1 0101 23.562500     8     4  2.35888691e+00 3.67228421e-10 2.57326555e-01 1.82047275e+00 1.143613e+01 2 34965 34723 8 38126 33151 5 33663 33337 3 37185 35096 
0056_2 0001 23.562500     8     4  2.32671092e+00 1.56549059e-09 -3.68641553e-01 1.48678719e+00 1.131198e+01 3 37412 35434 6 35693 35137 5 33449 33161 2 33460 33272 
0057_1 1010 23.804688     8     3  2.81226430e+00 1.92488082e-09 6.62773476e-01 2.66467972e+00 9.364625e+00 5 34527 34184 3 36350 34881 11 30765 26136 
0057_2 0100 23.804688     8     4  9.79674869e-01 -1.19057771e-07 -7.01101449e-01 1.33389269e+00 1.045936e+01 6 35873 35015 14 37547 35176 8 41998 34631 5 34614 34095 
0058_1 1101 24.046875     8     3  2.83848099e+00 -7.46950283e-09 8.63664125e-01 1.50283372e+00 9.645050e+00 3 41914 40292 2 44806 44548 5 41179 40729 
0058_2 0000 24.046875     8     4  1.68857157e+00 -1.20600115e-07 -6.61908773e-01 1.05010471e+00 1.014970e+01 3 43025 41048 14 42594 41013 11 40347 34973 19 38603 38353 
0059_1 0100 24.289062     8     4  2.47255960e+00 -6.96061265e-09 7.41174912e-01 2.25440475e+00 1.168895e+01 11 40192 35404 19 209257 80709 14 94438 51731 5 44349 43593 
0059_2 0100 24.289062     8     4  1.29639472e+00 -7.89811799e-08 -6.72259954e-01 2.40273428e+00 1.052220e+01 5 47012 46056 6 44834 43633 14 107728 54637 2 44718 44302 
0060_1 1100 24.531250     8     4  2.72078646e+00 -2.65334814e-09 8.79164386e-01 2.02520513e+00 1.065720e+01 3 41963 38174 6 38673 37590 5 34197 33607 2 37954 37478 
0060_2 1101 24.531250     8     4  2.70977636e+00 -1.17263238e-09 -3.26180405e-01 1.81904820e+00 1.316859e+01 14 37662 36846 5 34351 33851 3 41862 39100 2 36933 36467 
0061_1 0000 24.773438     8     5  4.70483648e-01 -3.50680277e-08 7.60655724e-01 1.65781087e+00 1.164900e+01 19 47515 46397 11 40269 34083 3 72499 63980 6 48393 46685 2 62329 59942 
0061_2 1000 24.773438     8     4  6.23689974e-01 9.71584996e-09 -6.30606272e-01 1.39536233e+00 1.056432e+01 3 70431 63412 19 47086 46164 6 49372 47782 2 58298 56737 
0062_1 0000 25.015625     8     4  5.32551301e-01 -5.05718338e-08 4.42976108e-01 1.00896182e+00 1.041795e+01 11 46108 40307 5 45570 44920 19 44536 44165 14 49570 47537 
0062_2 0000 25.015625     8     4  6.61479894e-01 -6.97327593e-08 -1.05741427e+00 6.98596096e-01 1.090680e+01 11 49182 42182 8 56425 48326 2 49784 49308 3 48235 46030 
0063_1 0000 25.257812     8     4  2.06559715e+00 -1.20299344e-07 5.87373996e-01 1.57656531e+00 1.039880e+01 19 42350 41520 3 43805 41159 14 39785 37870 2 41947 41574 
0063_2 0100 25.257812     8     4  2.38711960e+00 -2.03742164e-08 -7.08805881e-01 1.90921825e+00 1.039102e+01 6 47195 45562 8 95149 67364 2 41249 40897 19 41128 40432 
0064_1 0000 25.500000     8     4  2.85886627e+00 -1.39312531e-09 4.70519232e-01 1.52504265e+00 1.024740e+01 19 42330 41559 8 54280 42864 6 44729 43494 11 43573 37845 
0064_2 1100 25.500000     8     4  2.62241713e+00 -4.42096361e-08 -7.93743405e-01 1.49177180e+00 1.041331e+01 3 37506 35884 8 52702 42830 14 39241 37728 11 43321 37665 
0065_1 1100 25.742188     8     4  2.62396936e+00 -1.98582933e-09 7.98876518e-01 2.09272080e+00 1.164115e+01 2 55829 55192 19 47141 46676 11 53559 46413 6 58923 57001 
0065_2 1000 25.742188     8     5  2.64691620e+00 6.64510666e-10 -9.30696222e-01 1.15777525e+00 1.300606e+01 8 57304 48940 6 59587 57426 19 48534 47891 5 53643 52616 2 56292 55649 
0066_1 0100 25.984375     8     5  2.42832803e+00 -4.78251612e-09 8.79809076e-01 1.27839339e+00 1.621578e+01 3 172499 73925 19 73622 66065 11 96575 65268 14 53178 51564 2 216559 88373 
0066_2 1000 25.984375     8     6  2.38557869e+00 -1.49431760e-08 -5.95271917e-01 1.33957512e+00 1.326835e+01 11 92217 64317 6 96985 76945 8 56218 47921 5 69469 65077 3 185929 77390 2 249421 97195 
0067_1 0100 26.226562     8     8  1.04100564e+00 1.50405712e-09 5.00045619e-01 1.14957518e+00 1.820993e+01 5 145350 82875 14 166370 73951 3 142769 76204 2 196273 99787 11 257839 73225 19 124261 91370 6 143461 85088 8 222335 90120 
0067_2 1100 26.226562     8     8  1.45631103e+00 2.36423076e-09 -7.31537028e-01 1.76811010e+00 2.434380e+01 11 291066 77915 14 178449 81667 5 161443 87610 6 148292 87075 3 146449 78630 8 288345 102518 19 124539 95354 2 189417 101515 
0068_1 1100 26.468750     8     4  7.24888751e-01 -4.75319544e-09 5.59029064e-01 1.29129543e+00 1.102157e+01 11 43619 38390 5 43416 42495 14 74917 51445 19 172503 76451 
0068_2 1001 26.468750     8     4  7.14428251e-01 -3.60646313e-10 -5.48574071e-01 1.38952460e+00 1.149233e+01 3 44023 42381 19 181088 93036 6 47827 46825 14 80357 59718 
0069_1 0001 26.710938     8     5  1.38201247e+00 -3.41993969e-10 1.21816760e+00 1.18850518e+00 1.438084e+01 2 63422 62690 3 67394 63576 8 829537 200013 6 65709 63788 5 63365 62071 
0069_2 1100 26.710938     8     5  1.40525097e+00 4.07638801e-10 -1.16588399e+00 1.80811702e+00 1.322202e+01 14 77754 72538 3 65775 61316 5 61991 60135 6 65155 62635 2 63673 62652 
0070_1 1000 26.953125     8     4  2.30984474e+00 -1.10924900e-07 8.90186096e-01 1.61414368e+00 1.080240e+01 5 57053 56124 19 51257 50774 6 61326 59405 8 482067 144704 
0070_2 0110 26.953125     8     4  2.66217288e+00 -2.77573844e-08 -5.61793307e-01 7.56676331e-01 1.115134e+01 5 57934 57082 3 58122 55665 8 742837 223930 11 56881 51035 
0071_1 1101 27.195312     8     8  2.77295319e+00 1.05276576e-09 8.36585299e-01 2.28560365e+00 2.199905e+01 11 3653396 602485 14 4241323 715640 19 3785434 732846 3 3482723 683077 2 4873119 876384 6 3294877 630667 8 1896915 283365 5 3948566 652380 
0071_2 0001 27.195312     8     8  2.77922945e+00 1.27984151e-09 -3.80329346e-01 1.88377022e+00 2.003363e+01 2 4872038 885904 6 3391965 627812 5 3778317 670718 11 3605081 596111 14 4127552 706885 3 3400206 692015 8 1918488 281900 19 3795304 739720 
0072_1 0001 27.437500     8     8  1.38992450e+00 -4.45328925e-10 1.76415499e-01 1.35608865e+00 1.771397e+01 11 369633 182397 19 264790 231740 14 909301 347836 6 2420336 603219 8 2919004 477969 2 1570676 638516 3 1176805 445141 5 3584621 597146 
0072_2 1100 27.437500     8     8  1.36697341e+00 -1.82239074e-09 -5.77123622e-01 1.65208652e+00 1.729063e+01 2 1539762 512971 3 1178599 368834 5 3523331 436656 11 331957 142156 14 811646 245157 19 271180 215552 8 2806266 333920 6 2240474 426253 
0073_1 0100 27.679688     8     8  2.71030689e+00 -4.91525922e-11 5.48267378e-01 2.00652789e+00 1.710969e+01 3 3497028 520470 8 506342 148916 2 4277286 604590 5 2958740 407040 19 2595478 542994 14 2109214 385146 6 3901088 531287 11 3034600 391906 
0073_2 1110 27.679688     8     8  2.69287854e+00 1.13339433e-09 -2.60635609e-02 2.14877887e+00 1.769375e+01 5 2918442 622482 3 3538373 793962 19 2494007 707925 14 2127900 504611 8 467162 174890 11 2974553 521010 2 4296224 945507 6 4087662 798697 
0074_1 1111 27.921875     8     6  3.35062349e-01 3.63300443e-09 1.08404275e+00 6.14315481e-01 1.713946e+01 6 73441 66194 19 82468 76172 2 91933 78701 5 68650 64443 11 80548 57249 8 428253 210692 
0074_2 0000 27.921875     8     6  3.33454179e-01 1.87927199e-09 -8.20224477e-01 1.39011648e+00 1.928665e+01 11 81421 52728 6 75014 64208 2 95495 75657 3 60883 57934 19 88756 75589 5 67160 61807 
0075_1 0101 28.164062     8     8  6.17521135e-01 3.98811686e-09 1.00601009e+00 1.60215244e+00 2.186987e+01 11 2290901 340512 5 2877691 359439 19 3517916 547629 14 2397110 343147 8 96984 80802 3 3330196 398829 2 2822907 406014 6 2118682 346702 
0075_2 0000 28.164062     8     8  6.21320949e-01 2.66734611e-09 -4.69100126e-01 2.12338552e+00 2.068618e+01 6 2116250 255505 5 2571384 264197 2 2634695 307696 8 102623 80966 3 3087200 299193 11 2283332 235909 14 2366277 226364 19 3570721 357330 
0076_1 1000 28.406250     8     4  2.02864805e+00 -5.61580518e-09 5.80471712e-01 1.21609647e+00 1.347059e+01 8 277963 108982 11 51779 45283 14 429579 80309 19 746636 149415 
0076_2 0111 28.406250     8     4  2.00821099e+00 3.93816267e-09 -6.72315456e-01 7.10283652e-01 1.474693e+01 6 55091 54259 19 753257 232769 5 52598 51969 14 472050 130180 
0077_1 1100 28.648438     8     4  2.40375554e+00 -3.44259384e-08 6.26166594e-01 1.78930453e+00 1.031227e+01 3 65313 62056 19 64826 64017 5 65290 64189 8 89863 73753 
0077_2 1000 28.648438     8     4  1.02721472e+00 -9.80774854e-08 -6.65207028e-01 1.30254650e+00 1.069570e+01 11 65310 55777 2 65625 65037 14 65930 63294 6 70424 68124 
0078_1 1100 28.890625     8     6  7.01387142e-01 2.72376456e-09 1.07500404e+00 9.87853595e-01 1.607084e+01 6 61458 58827 19 63214 60882 2 73066 63692 11 71498 50021 3 56154 53108 5 56295 54818 
0078_2 0000 28.890625     8     6  7.12830971e-01 -2.88872563e-10 -1.08285871e+00 1.40541405e+00 1.636107e+01 6 60756 58129 3 55987 52608 19 60829 58597 5 56882 55297 2 72453 62724 11 72779 50463 
0079_1 1100 29.132812     8     4  2.33721579e+00 -2.50548386e-08 7.14678368e-01 2.03264769e+00 1.095609e+01 3 36044 33754 6 39732 38012 14 39689 37690 8 966273 155492 
0079_2 0001 29.132812     8     4  6.17838766e-01 -1.72922598e-09 -5.00134084e-01 1.22321560e+00 1.106235e+01 3 34745 32779 8 1651031 291660 2 36105 35790 14 38648 37430 
0080_1 1000 29.375000     8     4  1.22720441e+00 6.64121602e-09 1.03921605e+00 1.38620636e+00 1.077661e+01 5 57045 55952 19 54781 54329 2 54729 54248 11 56191 48634 
0080_2 1101 29.375000     8     4  6.19552806e-01 8.31398481e-10 -7.51159792e-01 2.38759962e+00 1.127227e+01 3 53219 51086 6 62125 60240 8 603874 210803 2 54585 54280 
0081_1 1100 29.617188     8     6  2.31930115e+00 -1.16772470e-09 8.39381428e-01 1.54901010e+00 5.120464e+01 5 69021 66725 2 62551 61876 6 76165 72510 19 1829175 245614 11 1992171 115431 14 1788462 161406 
0081_2 1101 29.617188     8     6  2.32372404e+00 -2.84959126e-09 -1.23847541e+00 2.42409374e+00 8.391989e+01 11 1598041 165512 19 1632929 404034 6 76857 74363 14 1661609 231811 8 220612 126928 5 69460 68018 
0082_1 0000 29.859375     8     5  4.03826586e-01 -5.99227198e-09 7.55250772e-01 1.30649155e+00 1.173517e+01 8 313043 146815 5 61523 60138 6 69040 66374 2 61196 60630 3 64650 61040 
0082_2 1000 29.859375     8     4  1.43868454e+00 6.08302427e-10 -7.57982277e-01 1.90699157e+00 1.115186e+01 14 138124 114268 8 354912 164885 3 64880 61148 11 86780 68282 
0083_1 1010 30.101562     8     4  6.38056774e-01 -7.01985758e-08 5.21456984e-01 4.01557192e-01 1.047758e+01 14 74547 70821 6 64994 63469 3 64382 61402 5 63074 62241 
0083_2 0100 30.101562     8     4  2.19675459e+00 -9.39544605e-09 -4.63162482e-01 1.11894596e+00 1.076566e+01 8 165833 105681 3 65687 62111 2 61296 60742 19 61381 60897 
0084_1 1100 30.343750     8     4  2.83422620e+00 -1.15118573e-08 6.31177555e-01 2.22751469e+00 1.080297e+01 5 62029 60944 8 186710 99898 11 62151 53842 19 60088 59650 
0084_2 0100 30.343750     8     4  1.50040823e+00 -2.39613013e-08 -8.22544528e-01 1.44456763e+00 1.040923e+01 5 61812 60703 11 61961 53338 8 269727 118427 6 71022 68782 
0085_1 1011 30.585938     8     4  2.70196654e-01 -1.09374693e-09 1.01697332e+00 4.95730508e-01 1.668186e+01 2 69305 68979 19 569761 212055 14 502677 148738 8 2882103 541907 
0085_2 0011 30.585938     8     4  2.77545652e-01 -1.89608851e-09 -6.39912141e-01 7.96590761e-01 1.818614e+01 5 64203 63596 8 4125016 682554 14 530146 165239 19 563550 212986 
0086_1 0011 30.828125     8     4  2.67306361e-01 -6.50289091e-09 6.17861674e-01 2.11039898e+00 1.151220e+01 3 59713 57505 8 881434 275716 2 60743 60416 5 54196 53783 
0086_2 0000 30.828125     8     4  2.87145065e+00 -4.70972928e-11 -7.25551283e-01 1.37831351e+00 1.109338e+01 2 58976 58461 14 55302 52787 8 1348257 236213 5 53725 52946 
0087_1 1000 31.070312     8     4  2.53245942e+00 -3.94207009e-08 5.00501643e-01 1.87911658e+00 1.038002e+01 14 34648 33174 6 37957 36744 8 222478 78844 3 36361 34221 
0087_2 0100 31.070312     8     4  2.46541465e+00 -1.03173036e-07 -6.87103547e-01 1.63115302e+00 1.036496e+01 8 372241 104128 6 37764 36581 11 33450 28642 2 36836 36529 
0088_1 1100 31.312500     8     8  8.24684473e-01 9.50777900e-10 1.05872155e+00 1.50951065e+00 1.749073e+01 19 130669 74043 6 127413 81905 3 104909 81251 5 126413 85937 14 127926 72968 11 137059 66570 8 6043261 426097 2 98710 81204 
0088_2 0000 31.312500     8     8  2.49379563e+00 -3.26765775e-09 -5.40518104e-01 2.19699148e+00 1.655357e+01 14 175743 78671 3 107956 83544 6 113714 80150 8 8635396 572085 19 153589 78683 2 102831 83770 5 121687 84550 11 182224 69194 
0089_1 1000 31.554688     8     8  2.60604668e+00 -1.89786443e-09 5.20474459e-01 2.22661829e+00 1.859909e+01 6 129954 82976 3 103291 78016 11 91714 62837 5 163840 89256 19 90279 75542 8 4720316 361590 2 135715 94155 14 164654 78318 
0089_2 0100 31.554688     8     8  2.60681773e+00 -3.60332787e-10 -3.95480851e-01 2.11534886e+00 1.970164e+01 5 159391 88409 11 86156 61868 19 90655 77682 3 105932 79586 14 187903 82175 6 129550 83008 2 154289 101425 8 6288807 469963 
0090_1 0010 31.796875     8     4  4.25891933e-01 -5.31016742e-09 7.57918429e-01 2.55366668e+00 1.038787e+01 8 3871039 414407 3 62385 60064 5 62865 61976 19 53421 53128 
0090_2 0000 31.796875     8     5  5.74971259e-01 -4.07883598e-10 -9.96678678e-01 1.99071731e+00 1.201751e+01 3 61970 59327 2 65247 64480 14 61239 58472 6 67337 65168 5 61057 59960 
0091_1 1100 32.039062     8     5  8.78547432e-01 -9.96704601e-08 5.59153931e-01 1.49873565e+00 1.218699e+01 3 77059 73284 2 75963 75257 11 77150 65742 8 3976328 382657 5 77120 75644 
0091_2 1101 32.039062     8     4  7.02544945e-01 -5.68897285e-08 -8.14496335e-02 1.06322006e+00 1.107845e+01 19 66831 66513 6 84632 82700 14 76971 74664 8 6644548 781403 
0092_1 0100 32.281250     8     5  1.81456756e+00 -5.23800715e-08 6.50635889e-01 1.69959046e+00 1.236572e+01 6 82500 79949 8 8805354 581229 5 79549 78115 11 79696 67908 14 80804 76701 
0092_2 0000 32.281250     8     4  2.51550455e+00 6.51256466e-09 -8.91884511e-01 1.99249653e+00 1.228890e+01 8 12594741 772958 5 74859 73625 2 80214 79395 11 75604 64928 
0093_1 1100 32.523438     8     5  1.56416896e+00 -5.29376589e-09 6.44398194e-01 2.31607866e+00 1.310992e+01 8 146679 93417 3 64893 61546 2 66704 66065 5 64294 63075 19 1519412 245571 
0093_2 1011 32.523438     8     4  1.57817385e+00 -7.30701945e-09 -1.27699337e+00 1.05801000e+00 1.514922e+01 5 64016 63404 14 995637 184091 19 1596468 431157 3 64317 61752 
0094_1 1011 32.765625     8     4  2.60534718e-01 3.66590230e-09 -1.01991417e-01 1.05779009e+00 1.457307e+01 8 11705636 1227343 2 74549 74072 3 74827 72375 5 71275 70307 
0094_2 0110 32.765625     8     5  3.45452357e-01 -1.97851226e-08 -6.79468538e-01 8.53232488e-01 1.244694e+01 11 68984 59816 5 70916 69841 8 13132105 944374 2 75990 75378 3 72879 70186 
0095_1 0100 33.007812     8     5  2.57442012e+00 2.95684991e-09 8.20809158e-01 1.60180881e+00 1.146036e+01 5 37475 36610 11 34748 29715 8 958958 162728 3 36320 34360 6 37454 36350 
0095_2 1001 33.007812     8     4  2.64636426e+00 -2.23344679e-08 -5.24788807e-01 1.50665360e+00 1.095188e+01 2 39236 38923 8 1737582 311472 6 37674 36837 11 35506 31165 
0096_1 0100 33.250000     8     8  1.03030000e+00 2.34286708e-09 8.59877251e-01 1.43527768e+00 3.484616e+01 8 4507463 397335 2 1506126 269300 11 150064 78380 3 1389247 253854 6 470593 136329 19 187493 121036 5 1457502 197205 14 126232 92059 
0096_2 0100 33.250000     8     8  1.02928331e+00 1.85334748e-09 -4.31801545e-01 1.77311407e+00 3.556071e+01 11 174793 83359 5 1621011 212622 6 548957 136947 19 192603 123492 3 1820455 279699 14 133918 93638 2 1962176 305322 8 6300667 504921 
0097_1 0100 33.492188     8     4  2.82097031e+00 1.92588737e-09 8.47828885e-01 2.05130226e+00 1.062375e+01 6 73312 69746 19 52704 52307 8 149025 100223 2 58051 57348 
0097_2 0100 33.492188     8     4  2.06807353e+00 -4.52396267e-09 -4.83724928e-01 1.90609765e+00 1.060407e+01 19 52232 51767 6 71244 68270 5 61553 60010 8 199781 119522 
0098_1 1000 33.734375     8     4  4.90811803e-01 1.45507127e-09 9.30484532e-01 1.01482526e+00 1.055158e+01 6 83172 80378 3 76436 73068 14 74201 71206 5 74921 73524 
0098_2 1010 33.734375     8     4  1.40665379e+00 -2.19311072e-08 -6.52607541e-01 7.25033899e-01 1.052869e+01 14 76207 73347 2 77038 76506 3 76567 73501 8 424661 212245 
0099_1 1111 33.976562     8     4  8.28403090e-01 -5.22188719e-09 3.06921986e-01 2.44775057e+00 1.241936e+01 3 91604 88077 19 79439 79175 8 8184200 1129198 14 85123 82649 
0099_2 0111 33.976562     8     4  2.67651709e+00 -2.90922863e-08 -4.76424913e-01 7.82902273e-01 1.221360e+01 19 76534 76270 8 10702870 1418832 11 85058 75232 5 84438 83475 
0100_1 1001 34.218750     8     4  2.49076874e+00 -3.52504204e-09 2.32782070e-01 1.79336075e+00 1.118131e+01 5 80722 79408 11 74855 65126 19 77388 76987 8 1812990 328549 
0100_2 0010 34.218750     8     4  2.50578864e+00 9.41676822e-10 -7.31623475e-01 6.83575641e-01 1.207094e+01 3 79144 75366 2 85007 84341 8 3069185 388325 14 77299 73896 
0101_1 1101 34.460938     8     5  2.83936878e+00 -4.66260158e-10 9.20030328e-01 1.71952010e+00 1.344685e+01 3 63633 60403 5 62736 61697 14 1257908 172594 2 57996 57623 19 1373705 253818 
0101_2 0110 34.460938     8     4  2.85855059e+00 2.54923389e-10 -4.97708324e-01 6.00410704e-01 1.628228e+01 6 69420 67417 14 1333849 143038 3 62917 59850 19 1409309 190964 
0102_1 0111 34.703125     8     7  1.53474826e+00 4.58425172e-09 1.03826229e+00 7.59028051e-01 2.109945e+01 5 203690 115073 11 189686 91134 19 179298 124898 6 189196 110369 3 136154 101173 2 171720 125291 14 142545 100246 
0102_2 1000 34.703125     8     7  1.52444694e+00 -2.24017554e-09 -6.52575255e-01 2.18540492e+00 2.460620e+01 2 176067 119962 3 135801 95966 14 144876 96928 11 208085 83513 19 187313 116678 5 212915 112600 6 199927 109796 
0103_1 1101 34.945312     8     4  2.68823451e+00 -2.54672857e-09 3.75543579e-01 1.68780220e+00 1.244331e+01 6 35103 34343 2 35388 35146 8 4162981 450429 14 29107 28323 
0103_2 1000 34.945312     8     4  2.75613471e+00 -1.83439110e-08 -5.95469487e-01 1.65370042e+00 1.337184e+01 6 35126 34230 2 38041 37515 19 27430 27270 8 5251331 419482 
0104_1 0001 35.187500     8     4  1.81004552e+00 1.17829548e-09 7.03522396e-01 1.62205078e+00 1.225767e+01 19 71450 71111 11 98493 70966 3 86071 80506 2 934970 360782 
0104_2 1000 35.187500     8     5  2.12578312e+00 -1.19426579e-07 -8.93855425e-01 2.06485394e+00 1.152632e+01 11 102091 66790 5 77707 75425 14 72265 67739 3 82798 78112 19 70348 69763 
0105_1 0000 35.429688     8     5  2.27142737e+00 -1.56978364e-09 4.27618385e-01 1.35807215e+00 1.212188e+01 11 267528 86304 5 67297 65976 2 1162532 330777 3 72989 69405 8 95129 76825 
0105_2 1100 35.429688     8     4  2.70418242e+00 -8.52287411e-08 -8.03323631e-01 1.26115531e+00 1.150367e+01 19 66168 65566 11 264308 86056 8 107862 83019 6 76757 74446 
0106_1 1001 35.671875     8     8  1.13260878e+00 1.38608835e-09 1.13396566e+00 1.76396606e+00 4.645797e+01 2 6909065 1235121 5 7416654 955391 8 8590737 759903 6 6832793 746143 19 7677696 1075335 11 8154749 717863 14 8357593 876187 3 7445506 1142884 
0106_2 1100 35.671875     8     8  1.13329235e+00 -9.61554513e-10 -6.82643437e-01 2.08602144e+00 4.711070e+01 14 8502414 637259 8 8502051 727279 19 7889263 707019 6 6588737 679908 11 8043580 600180 2 6931029 1113640 5 6923201 857236 3 7365016 1035193 
0107_1 1000 35.914062     8     4  2.65642168e+00 -1.05532507e-08 7.55225747e-01 1.94133340e+00 1.195793e+01 11 972829 88760 2 97455 94699 8 1093520 300298 14 71981 67398 
0107_2 1000 35.914062     8     5  1.71926987e+00 -2.39773005e-08 -7.55228739e-01 1.07428231e+00 1.198468e+01 3 73986 70601 6 77554 74928 8 2108068 433638 11 974813 88066 2 102721 99801 
0108_1 0100 36.156250     8     5  1.91376211e+00 -7.81057812e-08 4.96038353e-01 9.25118218e-01 1.197981e+01 5 93565 91959 19 116379 111190 2 1853300 485103 6 106412 102901 8 8772632 832518 
0108_2 1011 36.156250     8     4  2.35139567e+00 -1.65387962e-08 -3.77014207e-01 5.48595233e-01 1.219497e+01 8 12875390 1362954 19 119221 114923 14 93426 90671 2 1825567 561698 
0109_1 1100 36.398438     8     7  2.63861329e+00 -9.43076762e-10 7.66717202e-01 1.76058542e+00 2.067187e+01 19 74576 74026 2 184058 131370 14 83054 77506 5 136760 98293 8 369324 192812 3 187038 116890 6 85778 83100 
0109_2 1011 36.398438     8     8  2.63261169e+00 -5.22792239e-09 -9.13613389e-01 2.81416354e+00 2.341157e+01 11 306922 106821 6 85844 83844 2 194259 144449 5 139528 104352 14 81739 77274 8 609550 313033 3 190690 127613 19 72909 72648 
0110_1 0100 36.640625     8     6  1.38902092e+00 4.49075128e-09 9.92954547e-01 1.76369527e+00 1.304308e+01 5 135822 119300 14 111253 104990 8 14366928 1158344 11 116046 96606 2 183903 157743 3 156466 135477 
0110_2 1100 36.640625     8     5  1.42574974e+00 6.60659301e-09 -9.25158419e-01 1.07304877e+00 1.302320e+01 5 135278 118960 2 184621 159576 8 17023082 1450217 14 111498 105528 3 155985 135667 
0111_1 0000 36.882812     8     5  3.88132902e-01 -6.59601280e-09 1.01078242e+00 1.53028210e+00 1.325109e+01 5 31230 30738 14 32864 31445 2 733756 230270 8 3461215 327052 11 159663 50880 
0111_2 1100 36.882812     8     5  3.62261563e-01 3.78319105e-09 -7.02953144e-01 1.59871321e+00 1.282364e+01 19 65161 52123 3 35598 34025 8 4810307 419915 11 168272 59267 14 31843 30500 
0112_1 1101 37.125000     8     5  9.38792870e-01 4.26216636e-09 1.16882392e+00 9.05203750e-01 1.249702e+01 14 95778 89863 11 92209 79031 5 88043 86077 8 23356185 2156467 2 123318 120810 
0112_2 1100 37.125000     8     6  1.07190634e+00 -9.77426743e-10 -8.61931079e-01 2.14658354e+00 1.322900e+01 11 91583 76593 14 96791 88385 3 99898 96356 6 113663 107792 8 28546009 2129506 5 85073 82875 
0113_1 0100 37.367188     8     5  2.83766758e+00 9.38122402e-10 5.97927103e-01 1.19994669e+00 1.179685e+01 14 77646 74765 5 84567 82951 3 90664 86595 2 89693 88589 6 92500 89766 
0113_2 0100 37.367188     8     4  2.85014612e+00 6.79658069e-09 -9.30464602e-01 1.76744700e+00 1.403908e+01 5 84252 82725 3 93913 89602 8 14157194 1229327 2 94851 93198 
0114_1 0000 37.609375     8     5  1.77356478e+00 -1.45413803e-09 7.41820972e-01 1.86704972e+00 1.382938e+01 19 102872 102081 2 140858 135627 5 112704 109442 6 127758 123571 3 118040 111455 
0114_2 1101 37.609375     8     5  1.76537639e+00 8.29517595e-10 -5.71864065e-01 1.58624040e+00 1.273612e+01 8 1075660 358910 19 103115 102601 2 145067 139779 5 114260 111363 3 120392 113192 
0115_1 0000 37.851562     8     5  2.71622144e+00 -1.18555813e-09 9.65293606e-01 1.37706293e+00 1.367277e+01 11 86823 71561 3 90549 85431 2 721936 235076 8 98880 83717 5 85584 83820 
0115_2 1100 37.851562     8     5  2.66173334e+00 -1.64034884e-08 -8.25421922e-01 1.86542128e+00 1.165089e+01 6 102680 98998 2 699466 225879 14 80020 76906 8 104385 87307 3 92983 86422 
0116_1 0000 38.093750     8     5  8.51515068e-01 -9.05377717e-08 7.91040873e-01 2.18577673e+00 1.170124e+01 6 121301 116953 11 107416 88199 5 106063 104246 3 109879 105552 14 98107 94437 
0116_2 0100 38.093750     8     5  4.89940393e-01 -3.17758127e-08 -6.92921731e-01 1.40275662e+00 1.144773e+01 11 110455 89449 2 301639 216629 19 93896 93269 8 2483476 523213 5 104149 102362 
0117_1 1000 38.335938     8     4  2.74650049e+00 6.55134489e-09 9.93844215e-01 2.01637286e+00 1.297515e+01 2 165478 146893 3 84132 80957 8 19089791 1415269 6 93272 90018 
0117_2 0110 38.335938     8     5  6.59495851e-01 -2.16028200e-08 -6.98946299e-01 2.48092224e+00 1.268256e+01 8 23323505 1698606 19 110283 91614 5 81356 80143 6 93508 90765 3 84449 81211 
0118_1 1100 38.578125     8     5  2.67550505e+00 -6.05733384e-08 7.83014033e-01 1.72471757e+00 1.215820e+01 14 648769 176559 19 1094928 293344 8 1439942 446256 11 120122 101673 3 129859 122559 
0118_2 0000 38.578125     8     5  2.09494965e+00 2.22827663e-09 -1.13561606e+00 1.48990143e+00 1.325623e+01 2 129871 127174 3 129661 123413 5 126845 122598 19 1219758 317919 6 138353 133575 
0119_1 1111 38.820312     8     4  1.50905618e+00 -1.07531174e-08 7.09213602e-01 2.28369394e+00 1.098499e+01 2 46442 45253 3 38055 36731 5 36807 36198 8 2411581 388745 
0119_2 1110 38.820312     8     4  2.74546481e-01 -1.34272895e-08 -9.71132904e-01 8.12052614e-01 1.178981e+01 3 37449 36007 8 4294700 452572 6 40149 39236 11 33721 29111 
0120_1 1101 39.062500     8     4  2.64650680e+00 4.18448732e-09 4.76850244e-01 1.61351003e+00 1.107185e+01 11 108728 93917 19 99310 98861 6 121108 118100 8 812267 338456 
0120_2 1000 39.062500     8     5  5.61289465e-01 -3.07445325e-08 -8.61019312e-01 1.04451399e+00 1.186664e+01 2 225562 180464 8 1652314 424799 14 107939 103794 3 114339 110099 11 106638 90607 
0121_1 1100 39.304688     8     4  1.74965823e+00 -8.95363774e-09 6.85654284e-01 1.10579832e+00 1.067655e+01 19 67103 66666 11 70609 60174 6 76134 74053 3 67964 65897 
0121_2 0110 39.304688     8     4  8.30710111e-01 -1.20788356e-08 -5.82652716e-01 2.02615524e+00 1.084241e+01 8 4520619 547377 6 77643 75520 3 68169 66120 11 74238 62819 
0122_1 0100 39.546875     8     8  2.71805170e+00 -3.13858054e-09 6.11389059e-01 2.02730700e+00 1.817798e+01 11 150801 107692 3 152843 132721 2 181483 155547 6 150263 137835 19 152793 132521 5 211592 151309 8 27285566 2106980 14 216525 143234 
0122_2 0100 39.546875     8     8  2.70687587e+00 -1.39356434e-09 -8.58833057e-01 2.10460493e+00 1.972653e+01 14 259842 149828 8 32787011 2517423 19 161861 137170 11 153513 106846 5 203423 147987 3 156470 138156 2 186228 160240 6 151156 138428 
0123_1 1001 39.789062     8     4  3.03760063e-01 -1.99361218e-08 7.59527178e-01 2.16695372e+00 1.146261e+01 6 103418 100830 8 6508351 863386 2 97998 97144 5 90031 88714 
0123_2 1111 39.789062     8     4  5.29516358e-01 -2.87217108e-08 -5.73361092e-01 4.59442527e-01 1.152120e+01 8 9847420 1102013 11 102909 87502 2 98753 98070 6 100790 98515 
0124_1 1000 40.031250     8     6  8.77693444e-01 4.90574015e-09 5.82171941e-01 1.54560719e+00 3.259202e+01 11 183258 107718 2 1632077 408697 6 189668 154877 3 1381746 373465 5 1387445 282482 19 151945 140243 
0124_2 1101 40.031250     8     7  8.74053415e-01 1.01549708e-09 -1.02012562e+00 1.12236643e+00 2.370253e+01 2 2333861 536111 6 199209 162462 5 1676049 328859 19 159788 145753 14 160162 129075 3 1838884 456338 11 220424 117035 
0125_1 0001 40.273438     8     5  3.66497687e-01 6.34887077e-11 5.86685474e-01 1.38662949e+00 1.242993e+01 3 116657 112590 14 102061 98618 8 1593330 330634 2 121469 120161 19 94619 94201 
0125_2 1100 40.273438     8     5  2.89837759e-01 6.28579432e-09 -6.87746660e-01 1.12279251e+00 1.418515e+01 2 119890 118340 8 2539211 370214 19 95439 94780 3 119095 114534 5 106541 104651 
0126_1 0111 40.515625     8     4  2.35798780e+00 8.29841978e-09 5.26115493e-01 2.46988270e+00 1.194100e+01 19 119793 119375 11 132526 114944 6 147370 143768 8 11154085 1338109 
0126_2 0000 40.515625     8     5  2.47850869e+00 -6.40095842e-08 -6.77366988e-01 1.05934268e+00 1.292220e+01 3 130320 125887 8 16752703 1597236 14 131729 126648 2 137153 135867 5 130238 127952 
0127_1 0000 40.757812     8     7  1.65593117e+00 -1.26369052e-09 8.01939399e-01 1.72437643e+00 1.451032e+01 8 4395224 473073 5 107529 95835 3 224643 176670 6 102317 91360 11 212177 103346 19 78422 76478 14 202601 127455 
0127_2 0000 40.757812     8     7  1.64840190e+00 -1.28592627e-09 -8.38282047e-01 1.57832521e+00 1.539754e+01 2 323382 243384 19 76236 74439 11 216255 106604 6 105831 95762 5 134443 110994 14 193953 125747 3 238509 186681 
0128_1 1000 41.000000     8     5  8.83715482e-01 -2.21420955e-08 1.01274149e+00 1.98388602e+00 1.209974e+01 6 186501 177776 3 174877 168472 14 154042 144230 11 160835 134085 8 9845071 1058982 
0128_2 1101 41.000000     8     4  2.80574166e+00 -5.75405602e-09 -1.02980624e+00 1.27130775e+00 1.197550e+01 8 15629619 1686632 14 151636 143582 19 141012 140101 6 184907 176746 
0129_1 1001 41.242188     8     4  1.86698462e+00 -8.27689806e-08 5.52983400e-01 1.47219871e+00 1.103668e+01 8 2708847 506729 2 120645 119682 5 112603 110977 3 119586 115466 
0129_2 1011 41.242188     8     4  4.43583957e-01 -4.18987301e-08 -3.10199035e-01 1.09516763e+00 1.148926e+01 11 114480 97665 6 133991 130257 8 4836663 650547 2 119895 119083 
0130_1 1010 41.484375     8     6  2.26172888e+00 -3.47630843e-09 6.51913122e-01 2.62658131e+00 1.862338e+01 11 132159 113017 2 447314 226552 19 193259 168149 8 3498120 535804 3 354877 185070 5 433746 192671 
0130_2 1000 41.484375     8     7  2.28865309e+00 9.40199444e-10 -8.86589798e-01 1.52078208e+00 1.951860e+01 2 519244 278414 6 154914 150519 14 153745 138870 8 6261312 733221 3 381865 211097 5 530405 220411 19 208119 172599 
0131_1 0101 41.726562     8     7  1.96927912e+00 -7.25719607e-09 9.14476640e-01 1.53603070e+00 2.233703e+01 19 1122769 420790 3 1579948 336464 8 15361451 1622359 2 1861522 420869 11 840520 260871 5 1735527 430536 14 170246 146500 
0131_2 1000 41.726562     8     7  1.97601519e+00 -9.27510085e-09 -7.28562421e-01 1.68565125e+00 2.377074e+01 2 2735137 589824 5 1735512 392928 8 19742062 1819006 14 164014 142833 3 2387489 463830 19 1229743 417311 11 850497 253045 
0132_1 1011 41.968750     8     4  6.11708924e-01 -8.23341793e-08 1.08640965e+00 2.28509852e+00 1.091396e+01 5 127217 125575 11 126250 108543 8 1966994 403099 3 132757 127886 
0132_2 1100 41.968750     8     5  1.17806519e+00 -2.73191187e-08 -1.01882468e+00 2.17998342e+00 1.171729e+01 19 117828 117034 8 2929032 494916 6 142408 138490 2 136857 135767 5 126834 124725 
0133_1 1010 42.210938     8     4  1.66738801e+00 1.87284953e-09 9.63393893e-01 2.20998784e+00 1.216300e+01 11 99765 85134 6 125284 121448 19 100254 99697 8 8955773 998929 
0133_2 0100 42.210938     8     5  9.21522923e-01 -6.81311685e-08 -4.05195944e-01 1.70022407e+00 1.271020e+01 6 123705 120169 14 105178 101071 8 14516879 1362769 2 113852 112987 5 107157 105345 
0134_1 0000 42.453125     8     5  1.19663352e+00 -2.67883206e-08 1.16584623e+00 1.65751087e+00 1.200742e+01 6 134507 130477 8 24091799 2289410 2 127773 126694 5 118910 116864 3 120021 115808 
0134_2 1111 42.453125     8     4  2.62550495e+00 6.77760011e-09 -4.86027662e-01 2.77398529e+00 1.380573e+01 2 126442 125522 5 120544 118721 8 28967001 2574739 6 133539 130246 
0135_1 1000 42.695312     8     5  7.45093693e-01 7.29404147e-09 4.80508614e-01 1.50952733e+00 1.347771e+01 5 54779 53834 2 66908 64908 6 62779 60995 3 57790 55668 8 13760658 1129595 
0135_2 0110 42.695312     8     5  6.72904185e-01 -2.87723110e-09 -6.45123727e-01 2.11289264e+00 1.225248e+01 19 53146 52836 2 70293 67881 14 57946 55681 3 57701 55350 5 57678 56499 
0136_1 0110 42.937500     8     4  2.17737383e+00 5.86864558e-09 6.37550782e-01 2.53909297e+00 1.149952e+01 8 4765942 778630 11 117216 99290 14 115052 110551 6 135118 131293 
0136_2 0010 42.937500     8     4  2.30197497e+00 -1.35610380e-08 -6.36767658e-01 2.35110889e+00 1.163961e+01 8 9601823 1126510 6 131058 126934 19 110258 109622 3 129987 124840 
0137_1 0111 43.179688     8     4  4.56804715e-01 -4.29392292e-08 7.38931960e-01 2.18611960e+00 1.099158e+01 6 138969 135408 8 9560231 1036772 14 145477 135116 3 129350 124815 
0137_2 0100 43.179688     8     5  1.89180528e+00 -1.11934818e-07 -1.07986202e+00 1.78050840e+00 1.211926e+01 11 130138 108004 2 125508 124470 8 13559241 1320439 14 143117 133831 19 130711 129251 
0138_1 0010 43.421875     8     4  2.80602671e+00 2.69471643e-09 6.50317664e-01 2.44748193e+00 1.406009e+01 14 101916 98180 19 96711 96129 3 110099 105481 8 14743050 1359430 
0138_2 0100 43.421875     8     5  2.35953344e+00 -2.01023640e-08 -1.01619001e+00 2.07610261e+00 1.368209e+01 8 18343974 1669578 3 110897 106482 6 111372 108038 5 105761 104179 19 97038 96438 
0139_1 0110 43.664062     8     6  1.12730374e+00 6.32873284e-09 7.86136665e-01 9.10239699e-01 1.318424e+01 6 172790 166806 19 136823 136002 5 187861 166099 8 500152 327954 3 177335 159282 2 196787 175368 
0139_2 1100 43.664062     8     6  1.07874840e+00 -1.38321943e-09 -7.20784160e-01 1.52939932e+00 1.505062e+01 3 175462 160354 2 195015 176967 6 172524 167092 19 135289 134411 14 151959 146004 5 190099 166452 
0140_1 1000 43.906250     8     5  1.77725259e+00 -2.85362895e-08 9.67838554e-01 1.36341016e+00 1.153276e+01 14 123369 117729 3 117297 113112 8 11309561 1135266 2 123203 122225 19 106774 106092 
0140_2 1111 43.906250     8     4  5.22121719e-01 -4.60960669e-08 -5.43514716e-01 1.87650669e+00 1.360323e+01 14 122225 117944 8 12685193 1409023 19 109529 108992 11 126747 107343 
0141_1 1111 44.148438     8     4  2.78189287e+00 -1.89088845e-08 8.55246824e-01 4.87547068e-01 1.346101e+01 19 131291 130693 5 139359 137031 6 164500 159706 8 10904415 1205104 
0141_2 1101 44.148438     8     4  2.69194896e+00 -1.75089083e-08 -9.95468523e-01 2.02852545e+00 1.219627e+01 5 139412 137298 19 134980 134272 8 16327817 1724186 3 135198 130354 
0142_1 1111 44.390625     8     8  1.89695177e+00 -9.05335305e-09 3.85335718e-01 2.37690079e+00 1.718365e+01 2 893362 506368 11 2365751 552925 5 298820 251311 3 658243 413005 6 443735 290882 8 4043931 858994 19 284427 244159 14 2656154 697221 
0142_2 1100 44.390625     8     8  1.89631728e+00 5.79590267e-09 -5.32787082e-01 1.56906679e+00 1.686131e+01 3 748277 444211 11 2419481 589418 19 318135 270200 6 526052 316929 2 960355 540523 5 328678 267422 14 2793841 728368 8 4180301 979714 
0143_1 1000 44.632812     8     6  8.73869411e-01 1.18511046e-09 1.22368274e+00 1.54392099e+00 2.935979e+01 6 81544 79082 5 110684 89446 19 2131859 423554 2 89789 84777 14 1896618 231918 3 79650 75814 
0143_2 0101 44.632812     8     6  8.73749589e-01 1.09515648e-09 -6.55681248e-01 1.49656905e+00 4.577827e+01 14 1961320 264164 2 90338 87860 19 2346810 540888 5 103221 88074 3 78635 75513 6 81150 78902 
0144_1 0101 44.875000     8     4  1.44342562e+00 9.53753513e-09 1.08748210e+00 1.46335100e+00 1.061839e+01 8 919115 286991 2 126893 125774 5 117694 115989 6 138513 135085 
0144_2 0110 44.875000     8     4  2.74911698e+00 -1.29966713e-08 -7.67392451e-01 6.16551982e-01 1.090980e+01 3 123014 118596 14 119110 114888 6 137767 133698 5 117566 115426 
0145_1 1111 45.117188     8     5  2.88349774e+00 2.83095632e-09 1.01762885e+00 2.02559358e+00 1.386100e+01 3 155458 149748 6 182768 176851 5 152938 150015 8 11056138 1255038 2 175579 172967 
0145_2 0101 45.117188     8     5  2.89423528e+00 4.83808910e-09 -3.03548895e-01 1.56476151e+00 1.282187e+01 2 164211 162401 8 15422387 1778910 5 150904 148457 3 151590 145940 6 183532 177483 
0146_1 0011 45.359375     8     4  2.20121377e+00 -8.96735539e-08 5.13932389e-01 2.45680628e+00 1.076718e+01 3 119230 114855 6 128375 124617 8 2838786 673090 14 105527 102062 
0146_2 1110 45.359375     8     4  2.31504762e+00 -6.57633347e-08 -6.34508169e-01 8.59130490e-01 1.148709e+01 19 98910 98402 8 5580818 945856 11 112986 96026 6 126541 122477 
0147_1 1000 45.601562     8     5  1.89990249e+00 4.17475769e-09 8.02408562e-01 1.36871118e+00 1.556936e+01 5 229839 179448 2 324034 229631 6 183215 176983 14 147307 141418 3 230790 179541 
0147_2 1101 45.601562     8     5  1.88497257e+00 -1.34148079e-09 -1.06504348e+00 1.78318605e+00 1.620965e+01 2 355033 247982 5 238874 179949 6 182234 176720 3 230285 180672 19 135260 134653 
0148_1 0000 45.843750     8     5  2.54464581e+00 5.61922514e-09 1.08607751e+00 1.83575791e+00 1.332680e+01 8 16558142 1594327 5 120559 118285 19 108958 108342 11 138055 116934 2 145229 143244 
0148_2 0100 45.843750     8     5  2.80315977e+00 -2.21108337e-08 -5.85224117e-01 8.52700036e-01 1.218202e+01 19 111497 110702 11 141793 117696 6 142923 137331 8 21590671 1934311 14 130787 123446 
0149_1 0010 46.085938     8     4  2.76534783e+00 -3.15720407e-08 9.95008499e-01 2.58685102e+00 1.228045e+01 5 173914 169633 19 167235 166048 8 10327659 1012526 11 191755 158192 
0149_2 0110 46.085938     8     5  1.00577392e+00 -2.28684479e-09 -6.67474116e-01 5.51526587e-01 1.190687e+01 2 213516 209729 3 191513 185140 19 167154 165855 8 15449474 1340690 5 177027 172131 
0150_1 0100 46.328125     8     5  2.51297042e+00 -1.01358823e-07 9.66456801e-01 1.93526735e+00 1.153062e+01 6 123851 120452 14 109587 105301 11 106417 91059 8 19642373 1864805 3 118409 114239 
0150_2 1101 46.328125     8     4  2.84324628e+00 -1.64769762e-09 -1.16346042e+00 1.45041858e+00 1.515838e+01 2 127533 126389 14 109718 105647 3 123004 118562 8 22233161 2323534 
0151_1 0101 46.570312     8     5  2.29801868e+00 -4.82114381e-10 4.70667652e-01 1.62380928e+00 1.241797e+01 2 99072 95786 14 73015 70285 5 92112 85668 19 72209 71889 3 88969 83889 
0151_2 1010 46.570312     8     5  2.28648692e+00 3.65493010e-09 -1.18958209e+00 9.50791414e-01 1.387330e+01 2 104866 102057 19 72164 71796 6 88786 86029 5 87290 82451 3 88908 84961 
0152_1 0000 46.812500     8     8  1.70247614e+00 4.69643463e-10 1.15722305e+00 2.10128384e+00 2.807837e+01 5 476154 169116 11 385125 126178 6 469156 169298 14 600744 213398 2 464311 211885 19 1247204 426140 3 377775 173666 8 2021896 388795 
0152_2 1100 46.812500     8     8  1.71018275e+00 7.40142287e-10 -8.68350752e-01 1.87634298e+00 3.355496e+01 5 509791 184223 19 1435906 463304 6 536719 192518 2 477697 232446 3 403205 188151 11 451436 133249 14 696126 232123 8 3951104 541362 
0153_1 1100 47.054688     8     5  8.60907600e-01 4.55654936e-10 9.81269649e-01 1.50027000e+00 1.162093e+01 3 180018 166876 6 185717 180626 2 176195 172923 19 149618 148604 8 6064273 1351692 
0153_2 0100 47.054688     8     5  2.26121353e+00 6.82975784e-09 -1.28855765e+00 1.49621093e+00 1.209361e+01 14 157122 151174 8 10795578 1986086 2 178897 174529 3 175408 165297 5 161475 158902 
0154_1 1101 47.296875     8     4  2.09115037e+00 -1.37432436e-08 1.03877313e+00 2.00078956e+00 1.071320e+01 11 112176 95626 19 105211 104689 8 2150863 465906 5 109273 107741 
0154_2 0011 47.296875     8     4  2.90994388e-01 6.74085792e-09 -1.07835516e+00 4.67119449e-01 1.182456e+01 6 129965 126369 19 106995 106482 8 3085585 517754 11 115099 97967 
0155_1 1100 47.539062     8     8  1.79168764e+00 1.98019823e-10 1.10909557e+00 2.14189304e+00 3.574348e+01 5 2108821 398617 11 2283588 259300 2 2150107 510906 14 1976212 313647 8 11663655 1318399 19 2780763 565816 6 2070226 377266 3 1762964 403615 
0155_2 1101 47.539062     8     8  1.78913785e+00 4.36538860e-09 -3.35017259e-01 1.58226373e+00 3.443839e+01 3 2279779 492091 11 2866045 285226 19 3810506 744655 6 2839721 451173 5 2698283 482360 14 2747047 406108 2 2853600 620951 8 19607691 1848032 
0156_1 0011 47.781250     8     5  7.86742791e-01 -1.21729681e-08 3.21771491e-01 1.15746090e+00 1.219867e+01 8 2514518 595914 5 84099 82954 6 94933 92603 14 82849 79599 19 81957 81568 
0156_2 1000 47.781250     8     4  1.35408760e+00 -5.59951470e-08 -8.88923021e-01 1.94792350e+00 1.215723e+01 14 80650 77609 8 5628492 992018 19 84533 84017 11 83388 69867 
0157_1 0010 48.023438     8     5  2.04502356e+00 3.76055522e-09 5.68843597e-01 1.10882655e+00 1.195869e+01 5 166668 164058 2 190395 188427 3 186789 180860 6 187746 182207 8 8335023 1073479 
0157_2 0000 48.023438     8     5  2.07602639e+00 -7.02813904e-08 -9.94635777e-01 1.74173110e+00 1.252158e+01 14 160638 154609 3 186490 181019 8 13972574 1573518 6 189551 184441 5 165550 163203 
0158_1 1001 48.265625     8     4  2.53234347e+00 -3.98359999e-09 2.89188290e-01 1.65429438e+00 1.140759e+01 19 105666 105113 5 109075 107430 8 12662549 1599676 6 130901 126935 
0158_2 1100 48.265625     8     5  1.39311713e+00 -1.31206052e-08 -8.70756543e-01 1.08069934e+00 1.197671e+01 2 127427 126331 5 107465 105962 8 21146765 2125093 11 102589 86087 6 128621 124785 
0159_1 0110 48.507812     8     5  2.40450393e+00 -3.19318963e-09 1.09968382e+00 2.43514711e+00 1.222431e+01 14 87431 83821 2 134192 122642 8 4972756 645921 3 123342 113762 19 82426 81899 
0159_2 0011 48.507812     8     5  2.42862359e+00 6.73436574e-09 -3.99782849e-01 8.81291716e-01 1.157463e+01 8 9806839 897747 2 170913 143510 11 84961 70746 3 125781 116508 6 97244 94672 
0160_1 0000 48.750000     8     5  2.81302296e+00 -4.59343824e-09 9.51171972e-01 1.05745928e+00 1.279134e+01 2 163094 161580 19 548875 276440 14 396619 202088 3 156811 152183 8 1936497 462454 
0160_2 0000 48.750000     8     5  2.78570635e+00 -2.80573229e-09 -1.06929626e+00 1.14163045e+00 1.381369e+01 14 361008 202914 19 613489 292660 11 138790 115681 2 158259 157049 8 4280065 692910 
0161_1 0110 48.992188     8     5  2.37216365e+00 -9.82554232e-08 7.36894419e-01 8.48483397e-01 1.211487e+01 11 179457 150042 8 22604875 1823309 3 194082 187978 6 217592 210826 5 179937 177139 
0161_2 0100 48.992188     8     5  1.94812682e+00 -1.06659653e-07 -8.57249215e-01 1.66445106e+00 1.156371e+01 8 29821844 2399393 3 192953 187191 19 178854 177775 6 213100 206714 5 184613 181898 
0162_1 1110 49.234375     8     5  1.75834259e+00 -1.19029256e-08 7.25677108e-01 9.65621587e-01 1.196031e+01 11 149521 126038 2 167304 165834 5 146846 144518 8 26357307 2393563 19 137321 136551 
0162_2 0100 49.234375     8     5  2.53292537e+00 -6.36147380e-08 -9.96918426e-01 9.26107132e-01 1.273919e+01 5 149568 147224 6 177614 172523 8 41998979 3257376 14 156427 149972 3 163897 158760 
0163_1 0001 49.476562     8     5  5.26126455e-01 -7.71918984e-09 6.13324902e-01 1.74979153e+00 1.274794e+01 19 163015 162150 11 175153 146641 8 5141458 717179 2 192587 190943 6 207414 202011 
0163_2 1000 49.476562     8     5  1.98083037e+00 -1.16494740e-07 -8.77536471e-01 1.78997017e+00 1.179882e+01 11 176349 147488 19 170333 169243 3 188116 182044 6 207426 201596 5 174718 171964 
0164_1 0010 49.718750     8     5  3.62577433e-01 -8.60841301e-09 8.62371321e-01 2.65065617e+00 1.230558e+01 3 184761 170895 5 169508 163868 2 182196 173578 8 5857982 1143064 6 182192 176659 
0164_2 1110 49.718750     8     5  4.29056241e-01 6.20673277e-09 -5.59012079e-01 5.43089595e-01 1.346453e+01 5 176602 170014 3 181997 170823 19 143107 142226 14 160302 152137 2 187006 178708 
0165_1 1010 49.960938     8     4  2.86542584e+00 5.15085400e-09 8.41612742e-01 2.63058351e+00 1.075680e+01 11 176182 146025 14 178822 170757 2 193697 192048 3 189623 183091 
0165_2 0101 49.960938     8     5  2.18091298e+00 -3.13299620e-08 -3.40163883e-01 1.36080561e+00 1.195627e+01 5 181709 177435 6 217915 209488 3 193707 187030 14 176951 169894 8 8599359 1797872 
0166_1 1101 50.203125     8     5  2.46313650e+00 -4.12435156e-08 6.51168114e-01 1.73931532e+00 1.202803e+01 11 143220 121941 5 144361 141960 8 23204497 2026162 6 166058 161438 19 137559 136743 
0166_2 1010 50.203125     8     5  8.85705356e-01 -2.92820596e-08 -7.64357504e-01 2.21341719e+00 1.182417e+01 3 158775 152980 8 31532181 2314925 11 142683 120748 5 145533 142876 19 133332 132421 
0167_1 0110 50.445312     8     4  2.86340252e+00 -1.98471022e-09 1.04301046e+00 2.55486051e+00 1.450847e+01 8 7223888 780910 3 99521 92748 5 83397 81940 14 74747 72341 
0167_2 1010 50.445312     8     5  2.54321843e+00 -3.18013151e-09 -9.87983573e-01 2.53360107e+00 1.323196e+01 8 9926217 997341 3 99614 92629 14 76669 73762 2 99271 96154 6 94817 91852 
0168_1 1101 50.687500     8     5  8.32655369e-01 -5.37631915e-10 2.08551890e-01 2.00273761e+00 1.487182e+01 2 399299 266788 5 193354 180135 8 18892964 2150568 11 161542 133927 3 344810 229748 
0168_2 0101 50.687500     8     5  7.89973466e-01 -5.17345382e-09 -1.12760590e+00 1.95667905e+00 1.559066e+01 2 412466 286700 3 394780 250347 14 157987 151748 5 194053 182256 19 158947 158026 
0169_1 1010 50.929688     8     5  1.20146787e+00 -3.04396082e-08 4.96213781e-01 5.05044527e-01 1.341604e+01 19 288601 235448 8 32859935 2846560 3 206805 199761 14 211055 192388 5 182651 179207 
0169_2 0110 50.929688     8     5  1.05317993e+00 -2.73175068e-09 -7.25715356e-01 5.55862689e-01 1.199287e+01 8 35336737 3270138 6 209002 202194 3 205233 198334 19 257137 217162 14 218123 196284 
0170_1 0010 51.171875     8     5  1.32138460e+00 -1.80787828e-08 9.53287094e-01 9.69277956e-01 1.190844e+01 11 131179 108625 6 150755 144973 8 28099994 2477839 2 160207 158355 14 132421 126751 
0170_2 1110 51.171875     8     5  2.49259647e+00 -1.03088367e-08 -6.87780431e-01 2.39299970e+00 1.349491e+01 14 131454 125495 8 42797577 3071267 11 132881 108101 3 152194 146807 6 149752 144767 
0171_1 1100 51.414062     8     5  1.30942794e+00 -4.71648468e-08 8.48745502e-01 1.78412032e+00 1.170196e+01 2 229774 227336 6 218508 210393 5 193586 189764 3 212868 206154 11 183393 155440 
0171_2 0001 51.414062     8     4  2.79311353e+00 -3.25915409e-08 -1.49432780e-01 1.17235583e+00 1.265730e+01 8 5304752 839606 5 192364 188541 11 183987 154882 14 177797 171088 
0172_1 0110 51.656250     8     6  1.20609648e+00 -5.18464227e-10 7.21516765e-01 1.12812569e+00 1.398249e+01 5 226175 211992 2 382852 279062 8 7851692 900558 3 412520 276958 14 184973 177449 6 214131 206618 
0172_2 0100 51.656250     8     6  3.59133385e-01 1.13729361e-09 -1.04561877e+00 1.45963220e+00 1.331059e+01 8 12135759 1310623 14 181454 174623 5 232400 215538 2 414006 302603 6 215534 208522 3 439594 300462 
0173_1 0100 51.898438     8     5  5.59802485e-01 -7.22197850e-08 8.39792199e-01 1.64099662e+00 1.223499e+01 5 189076 185998 3 208342 202058 2 224447 222210 8 21896485 2596898 14 188378 180018 
0173_2 1000 51.898438     8     5  2.71271358e+00 -1.22177527e-08 -9.74864884e-01 1.25937247e+00 1.330455e+01 19 178428 177225 6 220276 213134 8 29710239 3164440 11 179357 151193 3 212864 206220 
0174_1 1101 52.140625     8     5  2.67782943e+00 -4.17831946e-09 1.10696516e+00 2.31004105e+00 1.661009e+01 8 14771549 1552025 5 182656 177351 3 259054 194665 2 421844 246789 19 201356 194552 
0174_2 0100 52.140625     8     6  2.70559273e+00 -6.55075343e-09 -8.70285565e-01 1.40521707e+00 1.342227e+01 6 186998 180312 2 470165 272714 5 180369 175593 11 183237 142184 3 267166 198076 19 198426 191588 
0175_1 0001 52.382812     8     4  7.64332933e-01 3.18586538e-09 8.64723958e-01 1.25101370e+00 1.091311e+01 3 132330 126493 8 148514 129455 6 132572 128541 19 107827 107228 
0175_2 0000 52.382812     8     4  8.87762222e-01 -2.14131302e-08 -1.15676184e+00 1.24995953e+00 1.118459e+01 2 175228 159555 8 156159 135905 19 107688 106993 14 107264 103282 
0176_1 0000 52.625000     8     8  2.29993732e+00 3.41752452e-09 8.06087486e-01 1.31128415e+00 2.679232e+01 3 228843 216083 14 517127 228539 5 226146 209887 2 284221 265921 8 8390389 1278440 19 668788 317422 11 582568 200228 6 272467 235150 
0176_2 0001 52.625000     8     8  2.30557982e+00 -2.72427712e-09 -1.11019530e+00 1.50702582e+00 2.955375e+01 2 289780 272712 6 277887 237019 5 228358 212819 19 912206 387460 3 235447 220623 14 753204 263254 8 16338134 1793479 11 903764 218470 
0177_1 0011 52.867188     8     6  2.55419242e+00 -7.68208719e-08 4.87172890e-01 1.14448087e+00 1.287469e+01 11 170111 140340 5 183065 179874 2 203866 201971 8 22664950 1816190 6 201678 195149 3 186352 180540 
0177_2 1011 52.867188     8     5  2.37573690e+00 -1.12068417e-08 -7.83430101e-01 6.01206920e-01 1.437678e+01 8 29607026 2167846 2 199169 197377 3 183660 177915 14 428152 256472 19 918208 379069 
0178_1 0111 53.109375     8     5  6.10116571e-01 -4.56435697e-08 9.60909329e-01 2.50418435e+00 1.229705e+01 3 169369 164246 19 140678 139944 14 161000 154302 8 506754 340648 5 158980 156294 
0178_2 0100 53.109375     8     5  1.54935360e+00 -4.18402982e-09 -1.08631874e+00 2.05325510e+00 1.166985e+01 2 173932 172628 11 160866 133636 3 173683 168608 6 179654 174702 19 142105 141314 
0179_1 0000 53.351562     8     5  7.67376690e-01 -5.03851879e-08 1.19041371e+00 1.78260633e+00 1.178518e+01 6 239963 230798 5 245756 234028 14 284814 252706 2 255632 251055 8 2466329 568242 
0179_2 1100 53.351562     8     5  4.84879044e-01 -3.19948605e-08 -9.29615121e-01 1.13687291e+00 1.175948e+01 2 247090 244228 8 4366248 745002 19 257156 249661 14 277247 248903 11 492726 237513 
0180_1 0001 53.593750     8     6  1.18686223e+00 -6.24263791e-08 9.87206413e-01 9.43063379e-01 1.329373e+01 3 263842 253050 8 7285202 1231980 2 363142 344871 19 580454 515432 11 369486 254979 5 302396 287588 
0180_2 1111 53.593750     8     5  1.06508846e+00 -3.37690227e-08 -3.97846962e-01 4.92297097e-01 1.274895e+01 3 261836 251652 5 308772 290656 19 563030 505154 8 16953254 1570601 14 326117 297408 
0181_1 1001 53.835938     8     5  2.55738255e+00 -1.41868075e-08 8.08117539e-01 9.61661487e-01 1.450886e+01 19 141893 141127 3 158981 153794 14 154055 147367 8 23327485 2197588 11 145793 121305 
0181_2 1110 53.835938     8     5  2.17814833e+00 -9.18729589e-08 -8.93713423e-01 9.69898104e-01 1.185431e+01 3 155898 150769 6 171829 166394 8 32248812 2685705 2 156199 155109 19 139915 139019 
0182_1 1101 54.078125     8     5  5.84543454e-01 -1.27552765e-08 4.94556507e-01 1.56788694e+00 1.206285e+01 2 188089 186358 19 164001 163051 8 4935997 955478 14 175111 167836 6 198017 191892 
0182_2 0101 54.078125     8     5  2.11699521e+00 7.17785922e-09 -8.96115979e-03 1.43742016e+00 1.289163e+01 3 192890 180442 5 170466 167432 2 197605 192587 8 11220613 1411842 6 197349 191287 
0183_1 1010 54.320312     8     4  2.76648640e+00 4.46835575e-09 6.04723008e-01 2.83321387e+00 1.291848e+01 19 123404 122622 3 132530 126939 8 14450876 1344853 6 141061 136550 
0183_2 0101 54.320312     8     5  2.36913401e-01 -6.13285959e-08 -3.78317017e-01 1.44119049e+00 1.432079e+01 6 138698 134791 5 120904 118902 3 132894 127818 2 129244 128173 8 18911026 1697498 
0184_1 1000 54.562500     8     5  2.35835561e+00 -9.95801137e-09 1.03536416e+00 1.67726597e+00 1.226144e+01 19 325873 310265 3 220446 212805 6 237931 230023 8 1641048 640982 5 274041 251494 
0184_2 1101 54.562500     8     5  2.38366687e+00 -8.91157869e-08 -6.81198660e-01 1.54028271e+00 1.213061e+01 3 225415 216204 14 258472 234645 8 4483392 985492 2 237292 232956 5 259782 238456 
0185_1 1010 54.804688     8     4  2.85627342e+00 1.02633211e-09 6.03402111e-01 2.24374322e+00 1.147184e+01 11 193373 154564 8 16785880 1888955 19 175869 174816 3 190992 185146 
0185_2 0100 54.804688     8     5  1.41584182e+00 -4.17177304e-08 -8.72692005e-01 1.48640349e+00 1.288127e+01 2 193030 191708 5 184645 181665 11 188283 154556 8 29228202 2780882 6 207090 201161 
0186_1 1000 55.046875     8     5  1.86951676e+00 5.65369265e-09 1.01787299e+00 1.83293427e+00 1.222744e+01 6 219756 213422 14 305424 239007 8 3202343 763786 5 205325 201711 3 200483 194808 
0186_2 1000 55.046875     8     4  2.82376212e+00 -7.17294602e-10 -8.17764578e-01 1.10918897e+00 1.172022e+01 8 5729032 1114110 14 321220 248229 2 204411 202840 3 201712 195928 
0187_1 0011 55.289062     8     5  2.01443093e+00 -3.44781813e-08 1.00118426e+00 2.35245409e+00 1.179543e+01 2 221033 219001 8 1001998 587264 3 215018 208215 14 208413 199643 19 206522 205280 
0187_2 1101 55.289062     8     5  1.36628711e+00 -8.57753247e-09 -6.63755016e-01 1.65720195e+00 1.161056e+01 14 209019 200563 19 207328 206078 2 218390 216573 8 2441709 967866 6 241680 234016 
0188_1 1101 55.531250     8     5  9.25153342e-01 5.38601318e-09 1.09653628e+00 1.05352372e+00 1.204366e+01 3 243945 235735 5 253621 249088 6 273030 263721 2 251262 248952 8 1128464 498286 
0188_2 0100 55.531250     8     6  9.42141354e-01 1.68753590e-09 -1.14350154e+00 1.04913177e+00 1.263039e+01 14 253325 241628 3 244680 236395 6 271725 262589 5 246693 242443 2 252892 250815 8 1940942 600545 
0189_1 0001 55.773438     8     5  2.42272614e+00 -3.44138984e-08 1.03541001e+00 1.19099067e+00 1.166375e+01 2 213413 211494 6 223365 215896 3 195098 189119 5 202406 199045 8 2256244 653278 
0189_2 1101 55.773438     8     5  2.59849050e+00 -1.20891136e-08 -7.75272700e-01 1.49364796e+00 1.386935e+01 8 5917555 977687 3 199433 193469 2 210214 208428 14 202047 193481 19 199059 197896 
0190_1 0000 56.015625     8     5  2.11864387e+00 -2.64087953e-08 9.99997323e-01 1.11179034e+00 1.217135e+01 14 242883 232464 8 23484813 2474977 5 252039 247824 19 231321 229861 11 254365 205965 
0190_2 1101 56.015625     8     5  2.13374662e+00 -3.09744058e-08 -2.63848340e-01 1.19723747e+00 1.407807e+01 3 247742 239798 5 254282 249670 8 41626445 2993717 2 255742 253555 19 233277 231815 
0191_1 1010 56.257812     8     5  4.38059039e-01 3.97096194e-09 8.22180246e-01 2.54985337e+00 1.192342e+01 2 146129 144961 6 162507 157399 5 143868 141332 8 7729515 1151212 3 143858 139370 
0191_2 0111 56.257812     8     5  8.20909213e-01 -4.76841080e-08 -3.62628250e-01 1.91227764e+00 1.268687e+01 8 18998674 1577228 19 137380 136506 14 142150 136059 11 145029 116979 6 164563 159288 
0192_1 1100 56.500000     8     5  9.80408770e-01 -1.90190975e-08 7.74972517e-01 1.57333468e+00 1.234943e+01 8 31175541 3012790 19 195609 194397 3 208897 202268 5 209577 206069 14 188549 180667 
0192_2 1010 56.500000     8     5  2.27642392e+00 4.62995382e-09 -7.22880698e-01 2.70803590e-01 1.175759e+01 8 54845653 3421953 6 234454 226275 19 193602 192158 3 209921 202957 5 206273 202551 
0193_1 0111 56.742188     8     8  1.22904351e+00 -6.48540393e-09 4.19354201e-01 2.38029668e+00 3.225133e+01 8 65495955 3514005 5 232499 228080 14 7422496 601841 2 7987856 877467 11 9049057 437692 6 267818 257734 3 7250141 774712 19 7031932 953297 
0193_2 1110 56.742188     8     7  1.24669926e+00 1.29678715e-09 -1.10541152e+00 1.16558430e+00 8.084382e+01 3 7348351 1009918 2 7508162 1115783 8 86583979 4493725 19 5373790 1174060 14 5755324 722788 11 6015244 493370 5 233057 228768 
0194_1 0010 56.984375     8     5  2.07882445e+00 -5.34260746e-08 9.02965222e-01 2.60834783e+00 1.168215e+01 2 257085 254725 19 504301 377021 5 265821 260337 3 250427 242428 8 369664 303053 
0194_2 0001 56.984375     8     4  2.74538870e+00 -1.76751680e-08 -5.40841026e-01 1.13229423e+00 1.108081e+01 6 274506 266294 14 391818 300431 8 457418 343699 3 250076 242873 
0195_1 1001 57.226562     8     5  1.81674808e+00 -5.91778976e-08 1.03665648e+00 8.58504661e-01 1.215936e+01 19 234291 232739 3 278275 269161 5 260066 255473 14 251146 238898 2 271184 268862 
0195_2 1100 57.226562     8     4  2.86116191e+00 -4.68091676e-09 -1.13051898e+00 1.68763732e+00 1.202384e+01 6 294820 285687 5 257625 253636 8 11143357 1485062 2 270981 268733 
0196_1 1110 57.468750     8     6  1.53401219e+00 -6.16893677e-09 9.75539246e-01 2.46191753e+00 2.597728e+01 3 1574297 403509 8 10138692 1364403 2 2051797 485053 11 359360 233846 5 417891 345445 6 376523 331513 
0196_2 0101 57.468750     8     6  1.60676419e+00 2.67608035e-11 -1.24464229e+00 8.77837053e-01 2.110220e+01 2 3259850 716452 5 446257 354115 6 378419 332865 8 17537345 1935451 3 2213785 535212 19 572684 425874 
0197_1 0100 57.710938     8     4  2.80095841e+00 -8.51470401e-10 1.17047171e+00 2.44284149e+00 1.133994e+01 5 243775 239861 2 244537 242478 19 236576 234968 8 6624700 1396531 
0197_2 0011 57.710938     8     5  5.40210576e-01 -1.97074896e-08 -6.72476092e-01 1.02929339e+00 1.215639e+01 6 270091 259592 5 241676 237130 8 16118851 1735955 3 246495 238295 19 245007 242909 
0198_1 0001 57.953125     8     5  1.09802248e+00 -3.62224068e-09 5.23118330e-01 1.86727160e+00 1.198329e+01 6 241702 232203 3 217019 209769 8 19699682 1721728 11 198945 163460 14 197766 189046 
0198_2 1110 57.953125     8     4  2.71524664e+00 -3.60366838e-08 -9.87728520e-01 7.23701439e-01 1.402847e+01 11 201958 163130 14 202108 193144 6 237625 228487 8 28204403 2026456 
0199_1 1101 58.195312     8     5  4.85462006e-01 2.50288357e-09 6.22789574e-01 1.88171073e+00 1.334212e+01 5 159615 155588 8 19742629 1738684 6 177256 170913 2 166799 165295 19 151635 150593 
0199_2 1100 58.195312     8     5  5.72927858e-01 -1.67314432e-08 -1.01175474e+00 1.63662603e+00 1.321626e+01 2 173634 171495 8 28192573 2425558 5 163994 160769 11 160937 130125 19 148117 147315 
0200_1 1010 58.437500     8     4  2.84349290e+00 -1.00973936e-08 5.96898027e-01 3.83544383e-01 1.109035e+01 5 237739 233048 2 251155 248981 8 3224258 971127 14 233506 223395 
0200_2 1011 58.437500     8     5  2.38855130e+00 -2.26549393e-08 -3.06982735e-01 1.93618589e+00 1.170279e+01 3 250745 241612 14 234068 223332 11 235222 186804 2 247846 245538 8 7273164 1179577 
0201_1 0111 58.679688     8     5  1.32643461e+00 -7.15001978e-08 1.08085902e+00 2.40129882e+00 1.169962e+01 6 265505 255029 5 249477 243803 3 247450 239310 11 240112 189747 2 260041 257270 
0201_2 1011 58.679688     8     5  3.06505612e-01 -4.02297087e-08 -1.02908571e+00 1.03837310e+00 1.208614e+01 5 243396 238302 2 255096 252567 8 653721 425455 3 246729 238664 6 266091 256314 
0202_1 1111 58.921875     8     5  1.59144763e+00 -6.72327314e-08 8.01482288e-01 4.31407999e-01 1.137811e+01 19 295822 292749 14 251115 239630 3 253282 244469 11 250924 201676 5 247980 242929 
0202_2 1010 58.921875     8     5  1.47395066e+00 -9.45481518e-08 -9.81132713e-01 5.18323886e-01 1.159650e+01 14 250430 240185 11 251812 203811 6 277710 267258 2 273280 270465 3 259063 249850 
0203_1 0000 59.164062     8     5  2.00145241e+00 -9.65151063e-08 1.19698132e+00 2.01637507e+00 1.193658e+01 19 257651 256129 2 318324 315359 3 296425 287196 5 277423 272747 6 316785 305298 
0203_2 1101 59.164062     8     5  6.97321175e-01 -9.17802589e-10 -7.61014106e-01 1.39383671e+00 1.219852e+01 11 282015 227640 19 262540 260875 3 294078 284658 8 25256655 2840770 14 269333 257507 
0204_1 1001 59.406250     8     8  2.47477696e+00 4.90799708e-09 1.05367103e+00 1.63648231e+00 2.029160e+01 8 7398322 713018 11 6660161 607949 19 9795337 1476031 5 3003267 723933 2 1946974 805724 14 8986785 954950 3 2180440 699126 6 3522953 761995 
0204_2 0001 59.406250     8     8  2.47978313e+00 2.14281992e-09 -7.34975490e-01 1.76441580e+00 1.920927e+01 8 7789337 794333 3 2193434 731290 6 3900885 785079 14 9198719 1010567 5 3650661 783324 2 2114378 848808 11 7685352 644856 19 10552700 1604977 
0205_1 0101 59.648438     8     5  2.22776544e+00 -1.04044115e-07 6.97507201e-01 1.72438413e+00 1.140507e+01 11 266701 209477 8 502062 391451 2 294169 290976 19 246995 245563 3 288224 278159 
0205_2 1110 59.648438     8     5  1.44518250e+00 -5.35598551e-08 -8.06591166e-01 6.99714319e-01 1.178169e+01 2 296941 293386 11 271483 209926 14 264780 252811 6 288040 276811 8 627440 434460 
0206_1 1110 59.890625     8     8  1.89279219e+00 -2.00976367e-09 6.98479134e-01 7.06542342e-01 1.624598e+01 14 1039081 816354 19 1083602 954847 2 1392212 1100036 8 816655 561328 6 1145369 829870 3 783665 657013 11 760038 491739 5 1656231 945112 
0206_2 1110 59.890625     8     8  1.80348529e+00 -2.45599883e-09 -5.62169692e-01 2.17882344e+00 1.537387e+01 14 1037549 818168 8 842158 574964 2 1410172 1098717 3 779151 660502 19 1075009 946474 5 1635200 951789 11 777731 497883 6 1165155 804668 
0207_1 1101 60.132812     8     5  6.12622810e-01 -3.44194859e-08 5.40419997e-01 1.70471081e+00 1.173196e+01 3 168389 163079 8 1291351 614276 6 175319 168792 19 157548 156480 11 164917 125479 
0207_2 1000 60.132812     8     4  1.28574163e+00 -9.03288187e-08 -8.83091772e-01 1.40268404e+00 1.121947e+01 11 173659 129929 8 2422248 917754 5 168339 164475 2 197781 194900 
0208_1 1001 60.375000     8     4  2.33995929e+00 -3.94036515e-08 8.46463317e-01 1.38356533e+00 1.074920e+01 8 337819 288021 5 238877 234599 11 245387 197445 14 243956 232263 
0208_2 0010 60.375000     8     4  2.35153216e+00 -1.21564368e-07 -8.03378738e-01 2.47674990e+00 1.090546e+01 3 249703 241639 2 256080 253688 8 374045 311784 5 240173 235563 
0209_1 0000 60.617188     8     5  5.59510960e-01 -3.27905995e-08 1.05893316e+00 1.65602122e+00 1.167607e+01 11 279414 228640 19 264806 263278 14 287759 275081 2 301790 299259 8 16310262 2015249 
0209_2 1000 60.617188     8     5  1.75486091e+00 -2.47960770e-08 -1.06962847e+00 2.10645636e+00 1.163728e+01 11 284666 230637 8 25909510 2660091 6 316664 306874 5 286625 281686 14 285063 272800 
0210_1 1101 60.859375     8     4  2.83907578e+00 8.12890256e-09 9.89923323e-01 1.30533102e+00 1.242599e+01 19 275316 272834 3 245594 237720 8 7679205 890593 5 230342 226176 
0210_2 1011 60.859375     8     5  2.56497965e+00 -6.35110409e-08 -2.09347546e-01 1.90842746e+00 1.241242e+01 8 11783898 1052222 2 252066 249691 14 243728 231348 5 225403 221224 19 279498 276628 
0211_1 0101 61.101562     8     5  1.39281130e+00 -4.31396930e-09 5.02762640e-01 1.97915366e+00 1.205985e+01 19 412882 367785 14 330615 300432 8 4383997 1392109 6 322305 310843 5 295373 289649 
0211_2 1010 61.101562     8     5  4.97816927e-01 -5.33900190e-08 -1.00751550e+00 8.13099134e-01 1.212253e+01 11 295233 232546 8 12277324 2137942 5 291323 285712 6 320827 308793 14 322172 296461 
0212_1 1101 61.343750     8     5  2.59489997e+00 -4.32039497e-08 3.62327815e-01 1.79794732e+00 1.194410e+01 8 1619889 790005 6 312851 301350 14 260590 247629 19 243054 241517 3 269480 261647 
0212_2 1100 61.343750     8     5  2.37718000e+00 -3.34396802e-08 -1.04201475e+00 1.36023301e+00 1.155345e+01 5 290779 284154 6 309721 299562 8 3850613 1298522 2 284617 282074 3 271081 263355 
0213_1 1110 61.585938     8     5  2.70105476e+00 -1.64828516e-08 5.25351700e-01 6.11284407e-01 1.170335e+01 8 12942212 1761204 5 302185 295738 6 334334 322665 19 273861 272173 3 308312 298191 
0213_2 0011 61.585938     8     5  2.59545297e+00 -2.77243239e-08 -4.03990285e-01 5.22417929e-01 1.266242e+01 11 277105 221005 19 274855 272906 8 26798796 2203662 3 305708 295802 6 333119 321318 
0214_1 0100 61.828125     8     5  7.24050642e-01 1.85356598e-09 1.21918310e+00 1.21903422e+00 1.432567e+01 5 272024 266925 2 287499 283237 19 299286 289321 11 269780 213754 6 311003 300389 
0214_2 0101 61.828125     8     5  7.24935905e-01 -2.38009770e-09 -1.21604320e+00 1.88167038e+00 1.272416e+01 19 307031 296007 6 312631 301437 2 287306 283603 11 269081 209639 5 276404 269982 
0215_1 1000 62.070312     8     5  9.05430991e-01 -1.07867650e-08 9.93565457e-01 1.34980386e+00 1.184606e+01 19 247948 246244 8 13992130 1935646 5 216110 212439 14 228997 218765 11 209746 168960 
0215_2 1101 62.070312     8     5  5.77712694e-01 -8.90996922e-08 -3.74803620e-01 1.47661819e+00 1.209837e+01 11 213941 169585 14 231311 220059 5 217027 213139 6 264834 254484 8 23604964 2299991 
0216_1 1010 62.312500     8     5  3.16711966e-01 -4.69321149e-09 6.59800007e-01 2.46043921e-01 1.277768e+01 8 6994780 954871 11 251650 198416 5 265673 260818 2 323123 313608 3 311225 292852 
0216_2 1001 62.312500     8     5  7.05414973e-01 -8.82543475e-08 -1.05977807e+00 2.21440464e+00 1.188581e+01 19 261193 258760 6 306400 296107 3 315236 296168 11 250955 199238 5 269999 264680 
0217_1 1010 62.554688     8     5  1.77251070e+00 -2.20140789e-08 4.44377843e-01 8.53605681e-01 1.234557e+01 14 281644 268895 2 316880 314040 6 333017 322523 8 22614345 2912642 5 314715 308405 
0217_2 1010 62.554688     8     5  1.64243316e+00 -5.70857536e-08 -8.92629083e-01 7.92656867e-01 1.331193e+01 6 334829 324110 14 285226 271924 2 313701 310910 8 49095568 3872220 5 305297 299666 
0218_1 0110 62.796875     8     5  1.55238240e+00 -7.73590279e-09 6.30422418e-01 1.15070875e+00 1.198451e+01 5 246520 241456 11 237762 185699 3 243188 235806 8 14121750 1260285 14 223530 212699 
0218_2 1101 62.796875     8     5  2.84807034e+00 -4.43621558e-09 -1.26961156e+00 1.76626164e+00 1.540015e+01 3 242655 235585 8 17358018 1590569 19 221838 220271 11 236765 186291 2 257140 254836 
0219_1 0010 63.039062     8     5  3.87737466e-01 -7.11730305e-09 7.38245432e-01 7.13468437e-01 1.467064e+01 19 315798 312987 3 330972 319787 8 29585436 3004997 11 301440 238294 14 296139 281470 
0219_2 0001 63.039062     8     5  2.04311045e+00 -7.90215180e-08 -3.98095149e-01 1.27803570e+00 1.335150e+01 2 324162 321210 19 316777 313716 8 43510690 3458009 5 333790 326754 6 353905 341195 
0220_1 0111 63.281250     8     5  1.99876975e+00 -9.05508528e-09 1.02301379e+00 4.32558843e-01 1.189185e+01 8 11078660 1845071 2 298755 295181 6 308728 296809 3 291389 282168 5 296326 289342 
0220_2 1111 63.281250     8     5  1.07304440e+00 -2.43442056e-08 -7.13610810e-01 5.84033679e-01 1.274963e+01 3 288429 279375 8 27265638 2484731 14 273498 259197 2 293354 290426 5 291224 284463 
0221_1 1111 63.523438     8     5  4.48942543e-01 -8.96813718e-10 6.84511426e-01 2.53293956e+00 1.231447e+01 2 335853 332133 3 323273 312826 5 341348 332382 8 1888261 646034 6 356563 342014 
0221_2 1100 63.523438     8     5  2.58905864e+00 -1.15706248e-08 -9.97796419e-01 1.96870725e+00 1.175023e+01 6 357082 345786 14 321115 305289 5 338867 332387 2 343282 340138 3 327276 317639 
0222_1 1101 63.765625     8     5  7.40399226e-01 -5.23846145e-08 1.26770767e+00 2.19453326e+00 1.180111e+01 8 2272881 641506 2 426307 419928 5 358500 351066 14 337166 321098 11 352899 284251 
0222_2 0111 63.765625     8     5  2.07909728e+00 -2.03296333e-09 -5.87479391e-01 2.05868845e+00 1.151427e+01 3 392468 379398 19 326350 323662 8 5441567 787338 5 361616 353629 6 373239 353362 
0223_1 1111 64.007812     8     5  1.15316158e+00 1.17078906e-09 3.49163565e-01 1.35156437e+00 1.203624e+01 2 333189 329933 6 353616 338747 5 337517 329788 19 314973 312524 8 19942272 2154984 
0223_2 1000 64.007812     8     5  3.56252045e-01 -3.87472503e-08 -9.14315744e-01 1.61987092e+00 1.269292e+01 6 353765 341605 5 340077 333412 14 334115 317306 3 339650 329434 8 32022339 3616987 
0224_1 0111 64.250000     8     5  3.79008646e-01 -4.91713708e-09 9.58731011e-01 2.58222713e+00 1.334946e+01 2 296731 293647 8 7996180 926554 3 291667 281941 14 282775 266680 6 314306 301649 
0224_2 0111 64.250000     8     5  1.17041051e+00 -4.56029498e-08 -3.99572114e-01 1.82639791e+00 1.185812e+01 2 303492 300235 5 301354 293535 14 279938 265252 3 296671 286524 8 13469703 1197260 
0225_1 0110 64.492188     8     5  2.69583192e+00 -1.60350643e-09 8.53305168e-01 6.59746018e-01 1.226081e+01 2 348010 344671 3 349066 337653 19 328712 326227 6 352254 338133 8 5167887 966607 
0225_2 1010 64.492188     8     5  3.62923522e-01 -1.22320547e-08 -8.36099205e-01 2.62938455e+00 1.183025e+01 5 344381 336962 3 343596 332817 19 324779 322343 6 351370 337962 11 317144 250766 
0226_1 0100 64.734375     8     6  1.83529677e+00 -4.30911709e-10 1.02933909e+00 1.39196167e+00 1.465109e+01 11 362783 278733 19 358119 348901 3 347128 336572 2 376227 369845 5 352352 344008 6 360568 345476 
0226_2 1000 64.734375     8     6  1.83762615e+00 -1.33316349e-09 -1.14843837e+00 1.76875393e+00 1.484047e+01 2 376276 370853 6 363196 347747 19 354196 348268 11 350433 271431 5 354311 344635 3 346383 336081 
0227_1 0111 64.976562     8     5  1.65187776e+00 -6.47123211e-08 7.74867644e-01 5.24131059e-01 1.252322e+01 14 283181 265899 2 306237 302725 8 14414616 1929953 3 296334 286451 19 280622 278205 
0227_2 1010 64.976562     8     5  2.25199789e+00 -7.89063632e-08 -9.72222351e-01 5.94868334e-01 1.330757e+01 6 314623 300226 8 25449427 2736191 2 304091 301183 14 289584 272481 19 277460 275390 
0228_1 1101 65.218750     8     5  2.40827034e+00 -9.38498373e-08 4.02803760e-01 1.76818886e+00 1.194555e+01 8 10197478 1836793 19 349281 343932 11 329191 255972 5 343674 336213 2 354956 351169 
0228_2 0000 65.218750     8     5  1.46739736e+00 -1.07560754e-07 -8.98409615e-01 1.65934613e+00 1.164045e+01 14 345657 326019 19 356990 350493 5 349782 342499 2 346001 343144 8 26275316 2980319 
0229_1 1100 65.460938     8     5  2.16718512e+00 -2.94843914e-08 3.03904023e-01 5.81952615e-01 1.221879e+01 14 296163 280941 3 314115 303307 8 24207021 2806218 6 324866 313339 2 317333 314500 
0229_2 1001 65.460938     8     5  2.51996583e+00 -3.12414647e-09 -5.97886617e-01 1.49803206e+00 1.256732e+01 3 312322 302069 19 278758 276767 6 324016 311679 2 312675 309695 8 48150377 3217013 
0230_1 1000 65.703125     8     7  2.19776299e+00 -8.43388691e-11 1.18708426e+00 1.66976880e+00 1.646517e+01 2 467823 412531 11 371407 276912 8 6017616 1343234 5 384457 360424 19 605194 447495 3 365361 352966 6 394750 374102 
0230_2 0001 65.703125     8     7  2.18920357e+00 2.97478853e-09 -6.95242403e-01 1.43153225e+00 1.529157e+01 19 726605 510025 5 377824 354489 2 470080 413486 11 393097 279265 3 355238 344201 6 397863 377041 8 16428211 1907781 
0231_1 1001 65.945312     8     5  1.30448908e+00 -5.06780579e-08 5.64958691e-01 1.97633125e+00 1.147416e+01 19 274780 273001 3 321585 310640 2 316549 313632 6 334241 321074 5 309684 302988 
0231_2 1000 65.945312     8     5  1.45341920e+00 -1.98819821e-08 -9.96374123e-01 1.54497493e+00 1.218377e+01 14 297311 283026 5 311290 304778 19 274685 273059 2 314777 312208 8 8966879 1156100 
0232_1 1111 66.187500     8     5  1.31997621e+00 -7.12453432e-08 5.42424466e-01 2.22558382e+00 1.171827e+01 8 3998294 1364022 11 305640 229587 2 319727 316169 3 313092 302489 6 335506 320232 
0232_2 1000 66.187500     8     5  1.88120029e+00 5.46267236e-09 -1.09864563e+00 1.55751711e+00 1.237215e+01 8 13288706 2477620 19 292342 290482 2 315023 312484 3 311603 301794 5 296994 291219 
0233_1 0111 66.429688     8     5  2.27797471e+00 -1.00316337e-07 2.21348552e-01 2.21371881e+00 1.167594e+01 2 322204 318260 8 1704847 616298 5 299134 291681 6 329143 314460 14 288097 271993 
0233_2 0001 66.429688     8     5  1.85778164e+00 -5.61593703e-08 -6.16884045e-01 1.73345558e+00 1.248809e+01 2 319228 315870 8 3362117 948669 6 330096 316920 3 306244 295811 19 285129 283023 
0234_1 1000 66.671875     8     8  1.06146614e+00 7.53252642e-10 1.14792886e+00 1.16940207e+00 3.038198e+01 5 1088919 465245 6 1019762 471619 3 1152252 503801 19 1596791 718823 8 19544667 2379155 14 1275668 424053 2 1304612 609211 11 825978 324431 
0234_2 1110 66.671875     8     8  1.03963670e+00 -5.07966244e-09 -8.74703645e-01 2.45772969e+00 2.482138e+01 3 1337225 576248 5 1293688 519145 19 2000723 917467 2 1475551 681843 11 1067044 344234 8 31575225 3115806 14 1650547 489522 6 1200873 518991 
0235_1 0100 66.914062     8     5  3.75429541e-01 1.94651501e-09 1.08863015e+00 1.64774930e+00 1.256464e+01 14 318295 299059 5 310535 304632 8 1452097 843494 6 333195 322430 19 289006 287127 
0235_2 0100 66.914062     8     5  3.80767239e-01 5.85293855e-11 -1.12573812e+00 1.37611115e+00 1.276306e+01 3 318304 308385 14 313327 295311 11 318115 251833 2 345396 342266 8 4109270 1471875 
0236_1 0110 67.156250     8     5  1.22264101e+00 -6.86084421e-08 9.52809936e-01 2.53471863e+00 1.211633e+01 11 330596 261742 2 371749 368282 8 2693680 1205924 6 380826 366426 5 358758 351141 
0236_2 1011 67.156250     8     5  1.15161300e+00 -1.33818357e-08 -4.51519981e-01 7.12877516e-01 1.182711e+01 8 8825581 1843510 19 335257 332604 6 371634 357924 11 337414 261572 5 355475 347327 
0237_1 0111 67.398438     8     4  2.73934108e+00 4.60618378e-10 1.05481518e+00 2.21943503e+00 1.114723e+01 19 242356 240704 14 263638 249907 11 260808 199500 8 771461 480238 
0237_2 1001 67.398438     8     5  4.23657225e-01 -1.26074235e-08 -8.03925654e-01 1.13985387e+00 1.181024e+01 19 242385 240682 3 277137 268496 8 1992103 722438 2 294598 291604 5 263955 259048 
0238_1 0111 67.640625     8     5  2.39241619e+00 -1.10394730e-07 8.55996527e-01 6.38968516e-01 1.259748e+01 2 384470 380087 5 352617 344805 14 348639 329372 8 4266242 1157468 3 368213 355536 
0238_2 1011 67.640625     8     5  2.56536058e+00 7.82212796e-10 -1.16793582e+00 1.40825950e+00 1.205468e+01 14 346985 328488 8 10638531 1689046 11 342268 264225 2 386877 382146 3 367764 355535 
0239_1 0010 67.882812     8     5  2.28999649e+00 8.27815992e-10 9.21011160e-01 2.38562352e+00 1.232825e+01 2 444293 363861 14 268258 255981 5 269096 264151 3 329165 297033 19 274615 272385 
0239_2 1001 67.882812     8     5  2.20005323e+00 -2.11730055e-08 -6.75715128e-01 1.27645339e+00 1.226385e+01 5 277811 272082 2 453647 371655 8 37306215 2979748 6 308483 296634 11 274720 213378 
0240_1 1110 68.125000     8     5  2.21136745e+00 -8.43215994e-08 8.93608384e-01 7.55945129e-01 1.186282e+01 8 13018458 2246690 5 360189 353436 14 349658 332243 11 342416 269108 3 368779 357393 
0240_2 0000 68.125000     8     5  2.52451403e+00 -5.82340130e-08 -9.77231687e-01 1.96540915e+00 1.271423e+01 19 338446 336427 6 413230 398269 11 340943 272267 2 385044 381615 8 28642426 3258346 
0241_1 0110 68.367188     8     5  2.40354827e+00 -2.04197218e-08 6.38691198e-01 5.22473345e-01 1.180028e+01 5 310025 303463 3 314819 305168 8 9807842 1373188 2 336053 332473 6 339670 326749 
0241_2 1101 68.367188     8     5  1.89302966e+00 -4.94564648e-08 -1.29505850e+00 2.07726661e+00 1.196158e+01 11 307415 241892 2 329788 326300 3 316424 306642 5 316510 309193 8 17396937 1776111 
0242_1 1010 68.609375     8     5  6.49047394e-01 -7.25167343e-09 6.89823555e-01 8.81196876e-01 1.215925e+01 6 397118 384275 3 384636 372586 8 10978357 1860696 19 354359 351753 2 387151 383622 
0242_2 0010 68.609375     8     5  5.86289988e-01 -1.02134645e-08 -9.67237909e-01 2.16421930e+00 1.255480e+01 5 376877 368772 19 349454 347220 6 394398 381245 8 29916687 2752685 14 345043 329417 
