0760_1 1000 194.062500     8     5  1.96324752e+00 -3.11372334e-08 4.90074528e-01 2.56366897e+00 1.197823e+01 5 3023539 2962594 11 3164727 2470982 14 2896419 2758938 19 2923947 2898873 6 3704918 3519485 
0760_2 1100 194.062500     8     5  2.45161532e+00 -7.44432819e-08 -6.61230333e-01 2.39601290e+00 1.225695e+01 8 44306072 7598329 11 3824659 2639568 19 2886755 2861376 3 3145903 3065595 5 2986866 2926949 
0761_1 1110 194.304688     8     5  1.69984480e+00 -3.53949284e-08 7.55142680e-01 2.98510714e+00 1.231414e+01 6 3790721 3465189 8 10556077 6127396 14 2899564 2760705 11 3850590 2549693 3 3136036 3055153 
0761_2 1101 194.304688     8     5  2.49522996e+00 -4.78096813e-08 -2.98774290e-01 2.15829489e+00 1.210501e+01 8 30499276 7318145 2 3461302 3416405 11 4446319 2604822 14 2889851 2753055 19 2877788 2853629 
0762_1 0010 194.546875     8     5  2.75569953e+00 7.26887151e-09 7.66567133e-01 2.72656322e+00 1.194975e+01 8 18337490 7287976 3 3065614 2988353 2 3461796 3417584 11 3512832 2601134 6 3694728 3480840 
0762_2 1001 194.546875     8     6  2.79948537e+00 4.92393277e-09 -2.02895011e-01 1.64064308e+00 1.307720e+01 8 56838580 9004261 5 3010882 2946521 14 2894141 2759335 6 3681861 3447655 3 3078352 3002914 2 3448465 3405497 
0763_1 0100 194.789062     8     5  2.43827398e+00 -3.66227292e-09 1.16180251e+00 2.36488283e+00 1.196688e+01 19 2873377 2849985 8 7800798 4974074 14 2931786 2788153 6 4392685 3607127 5 3027325 2964629 
0763_2 1010 194.789062     8     5  2.54470173e+00 -9.79843463e-09 -4.61901003e-01 1.13118960e+00 1.213773e+01 5 2986814 2925570 14 2923881 2789064 3 3107780 3030971 19 2904925 2880212 6 4478119 3630424 
0764_1 0010 195.031250     8     6  9.43011527e-01 -7.72165001e-08 6.60270937e-01 1.09358428e+00 1.272964e+01 5 3040146 2977425 14 2926109 2789807 19 2884593 2861006 8 12403654 6395544 2 3508598 3462405 6 4099017 3504253 
0764_2 0101 195.031250     8     5  1.12467145e+00 -5.15631204e-08 -2.36060719e-01 1.07086807e+00 1.203234e+01 5 3015567 2953480 14 2925278 2789235 6 4161365 3493663 8 22212217 6881904 19 2863451 2836998 
0765_1 0100 195.273438     8     5  2.26576438e+00 -4.16981855e-08 9.86925176e-01 2.94384445e+00 1.219174e+01 19 2896073 2871680 6 3719548 3548150 5 3023084 2963679 14 2977863 2834286 3 3151419 3073076 
0765_2 1111 195.273438     8     5  2.48338419e+00 -5.17582134e-08 -6.35974266e-01 2.98179780e-01 1.278391e+01 19 2833027 2810210 6 3710748 3541684 14 2963189 2822450 2 3471068 3427227 3 3212379 3129698 
0766_1 0001 195.515625     8     5  2.53446040e+00 -4.73287778e-08 7.55629578e-01 1.51827116e-01 1.203102e+01 3 3151527 3071885 19 2906479 2881752 11 3105705 2477062 6 4306004 3559265 8 6185553 4295175 
0766_2 1000 195.515625     8     5  1.60002032e+00 -3.00145367e-08 -3.78528432e-01 1.01606087e+00 1.221375e+01 8 6375112 4379549 14 2950074 2811631 19 2891685 2867526 2 3469348 3425615 11 3067149 2438033 
0767_1 1111 195.757812     8     5  2.64038661e+00 -8.35122712e-08 8.06189647e-01 1.91196672e+00 1.247369e+01 14 2986654 2838825 8 8542049 5120965 19 2942919 2917832 11 3187878 2422621 6 4601223 3672036 
0767_2 0100 195.757812     8     5  1.39350983e+00 -8.47176020e-08 -2.94469549e-01 9.59624773e-01 1.208111e+01 5 2986195 2927953 19 2914686 2890328 14 3040364 2891548 2 3442543 3400801 8 7396215 5069039 
0768_1 1001 196.000000     8     5  2.73231333e+00 -1.10087173e-09 7.96069221e-01 2.43596151e+00 1.203024e+01 2 2445473 2412414 8 6205267 4023026 5 2497929 2419869 3 2333586 2257435 11 2545474 1787813 
0768_2 0010 196.000000     8     5  2.29804527e+00 -9.92826808e-08 -4.57738386e-01 1.20195724e+00 1.205920e+01 5 2528859 2449325 2 2453082 2421521 6 2713952 2563283 14 2364703 2194723 8 7658761 4417401 
0769_1 1111 196.242188     8     5  1.08137169e+00 -1.20241249e-07 6.75987267e-01 2.44965060e+00 1.217124e+01 5 3012146 2951182 2 3526560 3479719 8 8069264 5135369 6 3776837 3573651 14 2991978 2849904 
0769_2 0110 196.242188     8     5  9.83095828e-01 1.62377795e-09 -9.73692220e-01 9.57570239e-01 1.217993e+01 19 2946244 2920390 8 8498689 5352772 3 3210134 3126895 14 3001546 2860422 11 3075198 2408051 
0770_1 0111 196.484375     8     5  2.35029315e+00 -8.68724967e-09 9.69488279e-01 5.08204007e-01 1.220349e+01 8 7778286 5367717 14 2957793 2820617 3 3211290 3128013 5 3066437 3002336 19 2909609 2884643 
0770_2 0001 196.484375     8     5  1.38265153e+00 1.64693990e-09 -2.44825858e-01 2.58452092e+00 1.219440e+01 5 3076231 3013145 14 2944756 2808563 6 4543048 3714367 19 2907471 2882939 3 3217722 3135165 
0771_1 0001 196.726562     8     5  1.94109623e+00 -7.30595333e-08 9.19915993e-01 2.51291144e+00 1.212840e+01 14 2978127 2837385 2 3506936 3459849 5 3020923 2959400 6 4788151 3748894 11 3579610 2463999 
0771_2 0010 196.726562     8     5  1.53327930e+00 -1.84012723e-08 -1.27466952e+00 1.39857089e+00 1.213951e+01 5 3029145 2966555 3 3245969 3162645 8 6254172 4582708 6 4812079 3814866 14 2969743 2831431 
0772_1 1101 196.968750     8     5  2.74614088e+00 -3.46220906e-08 9.66436829e-01 2.32467314e+00 1.290745e+01 3 3228785 3146139 19 2998109 2971705 5 3107034 3040827 8 15551739 6878834 11 3175360 2437026 
0772_2 1100 196.968750     8     5  2.80801744e+00 -1.39570707e-08 -2.11914150e-01 1.98304253e+00 1.256192e+01 3 3209939 3130620 19 3022755 2996266 8 39054338 8513752 14 2981063 2839576 5 3050528 2990848 
0773_1 0100 197.210938     8     5  1.99955319e+00 -9.65664666e-08 7.24549452e-01 6.58449290e-01 1.187290e+01 2 3627898 3576960 8 8005939 5192178 19 2946709 2922169 5 3022691 2964996 3 3199782 3117594 
0773_2 1000 197.210938     8     5  2.26738101e+00 -1.03666251e-07 -1.18982226e+00 1.77276327e+00 1.212707e+01 2 3568737 3523592 19 2937628 2913552 8 11060760 6336490 3 3219356 3138674 11 3304151 2494997 
0774_1 0111 197.453125     8     6  9.10920451e-01 -1.01491440e-07 1.34335332e+00 2.19329061e+00 1.303049e+01 2 3621261 3571781 14 3026087 2880000 11 3355412 2529991 19 3018188 2991255 6 4688201 3781913 5 3141172 3073382 
0774_2 0101 197.453125     8     5  2.36104646e+00 -8.28637049e-08 -6.34956101e-01 1.39767745e+00 1.201308e+01 3 3230553 3150011 11 3591180 2579249 6 4713067 3755809 8 11695871 6365237 2 3618155 3570635 
0775_1 0001 197.695312     8     5  1.62260972e+00 2.54269064e-09 9.92302570e-01 2.17041487e+00 1.215145e+01 5 3122176 3055227 8 6632115 4745347 3 3268682 3181747 14 3040154 2891547 11 3308761 2515865 
0775_2 1100 197.695312     8     5  1.64297704e+00 -6.65045964e-08 -1.12090052e+00 1.47257019e+00 1.197726e+01 5 3138689 3071293 6 4955005 3901200 19 2995678 2968880 8 6399966 4720714 2 3640817 3592287 
0776_1 0011 197.937500     8     5  1.88992152e+00 -1.01522805e-07 5.76790491e-01 2.87548077e+00 1.206567e+01 2 3635319 3583852 3 3248913 3165981 6 3801767 3625539 8 10382044 5782161 14 3073958 2924939 
0776_2 0010 197.937500     8     5  1.93887793e+00 -1.04900264e-07 -3.57361243e-01 1.17962138e+00 1.221632e+01 3 3245949 3166761 6 3785314 3610648 19 2954622 2929734 14 3073466 2921207 8 21078804 6800210 
0777_1 0100 198.179688     8     5  2.20994688e+00 -5.22885801e-08 1.20761598e+00 2.03439675e+00 1.198385e+01 11 2364248 1869258 3 2327310 2262315 6 2892756 2734856 5 2094353 2053430 8 12520512 4977026 
0777_2 1111 198.179688     8     5  2.83963224e+00 8.54345545e-10 -4.85517030e-01 2.79120885e+00 1.273470e+01 3 2069213 2023013 8 25450043 5163893 14 3022385 2880988 6 2625743 2460816 11 3889028 2626450 
0778_1 1010 198.421875     8     5  1.44785966e+00 -1.86198222e-08 3.63854832e-01 1.62271126e+00 1.238864e+01 6 3425845 2797500 11 1575680 1263232 19 1504759 1493077 14 1574503 1503059 3 1543928 1500391 
0778_2 0010 198.421875     8     5  2.49629275e+00 -7.27542255e-08 -2.87074612e-01 2.33798937e+00 1.232138e+01 2 2745794 2710113 8 7113774 3905318 11 1575167 1284128 14 1574449 1499446 6 1835518 1682307 
0779_1 1110 198.664062     8     5  2.35350563e+00 -1.35984224e-09 1.10586861e+00 2.90522842e+00 1.175215e+01 3 3268540 3184752 5 3208538 3140627 11 3889284 2504814 2 3646377 3599465 8 7595349 5234524 
0779_2 0101 198.664062     8     5  2.14107362e+00 -4.84821917e-08 -6.74299140e-01 2.28766848e+00 1.238287e+01 5 3171798 3103662 19 2992872 2966764 3 3271104 3188536 11 3215566 2499373 8 9390618 5769651 
0780_1 0011 198.906250     8     5  2.16553292e+00 -1.05318520e-07 9.26535535e-01 4.24080626e-01 1.202655e+01 2 3696066 3642568 19 2953426 2928514 3 3321045 3235769 6 4387709 3681424 5 3138838 3074039 
0780_2 0011 198.906250     8     5  8.53535075e-01 -3.63901197e-08 -7.58537666e-01 2.06002428e+00 1.223247e+01 6 4410309 3724084 11 3367235 2481136 19 2942062 2917921 14 3088196 2938205 5 3155806 3088771 
0781_1 1011 199.148438     8     5  2.32245302e+00 -2.05029637e-08 1.15572477e+00 2.47512062e+00 1.185445e+01 14 3119028 2964660 5 1833108 1796295 8 7286801 5173279 19 3021065 2994133 6 2628607 2513799 
0781_2 1101 199.148438     8     5  2.40010874e+00 -1.02664650e-07 -8.27384377e-01 2.02894812e+00 1.209881e+01 3 2068088 2022836 2 1795553 1773632 6 1576530 1501469 8 13013857 6538565 11 3629530 2524031 
0782_1 0100 199.390625     8     5  4.18813355e-01 -7.26091793e-08 8.46586186e-01 2.96054662e+00 1.190180e+01 5 1828768 1792994 11 1575115 1264058 3 1286383 1252802 8 7465880 3263737 2 2286669 2259819 
0782_2 1010 199.390625     8     5  2.09587863e+00 -3.42346559e-08 -6.02997848e-01 2.96128786e+00 1.205880e+01 5 1307789 1281503 2 2650295 2619776 3 1544961 1511465 14 1312281 1253255 19 753002 746810 
0783_1 1010 199.632812     8     5  6.72904316e-01 -2.59846680e-10 3.26656495e-01 2.22534831e+00 1.194125e+01 19 2537868 2516682 14 2364174 2257345 3 2587929 2522508 2 3562303 3516924 8 8170266 5333240 
0783_2 1101 199.632812     8     5  7.93072510e-01 -1.09392983e-07 -6.90814031e-01 1.41940021e+00 1.180020e+01 6 2889175 2729645 8 8188347 4578925 2 3608442 3560707 5 2616839 2562999 11 2896291 2262729 
0784_1 0110 199.875000     8     5  2.19967839e+00 -2.76270339e-08 8.57407802e-01 1.42090443e+00 1.189531e+01 5 2415904 2364159 2 2712624 2677546 19 2251513 2232005 11 2799106 1948864 3 2497516 2436240 
0784_2 0100 199.875000     8     5  2.20873909e+00 -3.18298599e-08 -2.46945767e-01 7.19826741e-01 1.186089e+01 2 2732593 2697729 6 3695014 2964726 3 2494184 2433127 5 2441203 2387724 11 2409917 1911325 
