0329_1 1111 89.679688     8     5  4.30318127e-01 -3.38031281e-10 1.12733968e+00 2.45349081e+00 1.182372e+01 5 570731 557686 19 502499 499099 8 6069848 1713643 14 533286 509794 6 695601 653457 
0329_2 1101 89.679688     8     5  4.32159480e-01 -9.75087345e-08 -6.50103906e-01 1.31771974e+00 1.234096e+01 11 562988 447153 14 537931 512675 6 698332 652006 5 571792 557715 8 17140522 2284696 
0330_1 0111 89.921875     8     5  2.59620093e+00 -4.53865410e-08 1.29997875e+00 1.66480548e+00 1.211433e+01 6 626650 601713 14 540915 516527 8 38952847 3969516 19 507974 504560 3 605943 590032 
0330_2 0111 89.921875     8     5  2.72775461e+00 -4.18232806e-08 -9.44125527e-01 2.52775976e+00 1.335094e+01 14 542667 517822 8 60397533 4812563 5 546398 536074 3 604415 588367 6 634309 607999 
0331_1 1111 90.164062     8     4  2.51162243e+00 -7.06537197e-08 1.09444910e+00 6.34586713e-01 1.093051e+01 14 537200 514042 2 636914 630378 8 4927603 1435298 11 541436 438777 
0331_2 1000 90.164062     8     5  2.47982350e+00 -6.76674621e-08 -9.86685273e-01 1.95760422e+00 1.167145e+01 6 655777 619811 19 505665 502249 14 553560 526727 11 531550 429765 3 616908 599481 
0332_1 0101 90.406250     8     5  4.40265484e-01 -1.86575802e-08 6.64110310e-01 3.51952089e-01 1.274658e+01 3 611243 594406 5 557112 546058 19 515913 512076 8 13755180 2259772 14 532211 507277 
0332_2 0100 90.406250     8     5  4.26749122e-01 -6.77098125e-08 -1.04841729e+00 1.33200914e+00 1.266587e+01 11 539435 435672 2 655752 647772 8 28058160 2608895 6 653681 622094 5 551534 541109 
0333_1 0011 90.648438     8     5  2.77077503e+00 -5.97564571e-09 7.85540754e-01 2.08056579e+00 1.184840e+01 8 3264055 1149841 19 455446 451914 14 467276 446363 5 466630 458381 6 564021 540420 
0333_2 1001 90.648438     8     5  2.60582344e+00 -2.29576602e-08 -1.21258631e+00 2.14014309e+00 1.195808e+01 11 460531 368621 19 451055 447416 14 452330 432656 6 557386 533993 3 500901 487445 
0334_1 1101 90.890625     8     5  2.59546404e+00 -6.62812849e-08 8.13516106e-01 1.70035559e+00 1.219192e+01 5 559724 548730 6 674447 646358 8 23055503 3444688 11 561930 451332 19 541866 537544 
0334_2 1010 90.890625     8     5  2.60156455e+00 -2.03539471e-08 -8.59415080e-01 2.24125400e+00 1.252097e+01 5 565036 553997 2 652227 644805 3 618361 602075 6 683345 656767 8 52041270 4465938 
0335_1 1101 91.132812     8     5  1.70426681e+00 -5.60443548e-08 8.97039586e-01 2.68951547e+00 1.178293e+01 3 626145 608556 11 561099 449566 14 546609 521233 5 575886 564008 8 16789789 2719685 
0335_2 1110 91.132812     8     5  2.53008141e+00 -5.07955258e-08 -3.30560958e-01 1.07882735e+00 1.324282e+01 11 563608 452173 3 632357 614976 8 35069710 3699898 6 635947 608697 5 573705 562453 
0336_1 1010 91.375000     8     5  9.33919715e-01 -6.04315625e-08 5.14198029e-01 2.22896161e+00 1.205993e+01 14 567443 541205 11 574440 460741 8 2863633 1027708 5 563850 553245 6 636124 599309 
0336_2 1110 91.375000     8     5  2.07274975e+00 -3.89056150e-09 -9.70804660e-01 2.61970100e+00 1.164135e+01 11 573945 460916 2 670713 662156 14 551241 526488 3 637769 616393 19 534590 530881 
0337_1 1101 91.617188     8     6  5.21864767e-01 -2.06146021e-08 5.38167304e-01 2.85257912e+00 1.417381e+01 8 4205590 1549912 19 538136 534251 2 945440 761333 6 642346 609564 5 638458 600538 3 779845 666317 
0337_2 1001 91.617188     8     6  6.03129011e-01 -4.11359681e-09 -1.26300592e+00 2.17778996e+00 1.529155e+01 14 552034 527570 3 850757 707485 6 658036 621823 19 534789 531020 5 637383 597107 2 1060731 829143 
0338_1 1011 91.859375     8     5  2.13673257e+00 -3.68812196e-09 1.05066685e+00 5.27248247e-01 1.186095e+01 3 598751 583730 2 666321 659084 11 671226 523733 6 630995 604693 8 28235451 4962316 
0338_2 0000 91.859375     8     5  2.46100935e+00 -1.00691298e-07 -1.53017529e-01 1.29207754e+00 1.284580e+01 14 550221 524829 11 624213 493999 5 569267 557323 6 619588 589702 8 77961102 5758151 
0339_1 0100 92.101562     8     5  2.13902786e+00 -3.08170324e-08 6.55011745e-01 6.47157801e-01 1.201319e+01 5 679421 666138 3 708163 689154 8 22809146 3405960 14 638233 608509 6 814846 741327 
0339_2 1101 92.101562     8     5  2.26298193e+00 -5.86454293e-08 -9.09269851e-01 5.22209374e-01 1.268807e+01 5 674625 661258 14 637095 608604 8 60053436 4753027 19 634401 629837 3 719272 700053 
0340_1 0101 92.343750     8     5  2.72547133e+00 1.47466792e-09 4.76021109e-01 1.13740737e+00 1.341750e+01 14 541001 517137 5 583784 571414 6 680321 648798 8 41953063 3956175 3 625495 608053 
0340_2 1111 92.343750     8     5  2.62513242e+00 -6.16522544e-08 -1.24914876e+00 1.03842602e+00 1.355812e+01 5 574940 564406 8 70663796 5419726 6 671860 644043 3 622805 606907 19 541298 537772 
0341_1 1010 92.585938     8     5  2.49752252e+00 -4.01171928e-09 7.96914934e-01 9.48727243e-01 1.201947e+01 2 672459 664871 14 591553 565020 8 20036636 3098740 6 661387 631016 11 617459 492784 
0341_2 0000 92.585938     8     5  2.56479681e+00 -3.00891978e-08 -7.63026457e-01 3.01773441e-01 1.221151e+01 8 38546353 3816055 14 596815 569144 3 621300 604199 19 539197 534967 5 580655 568784 
0342_1 0100 92.828125     8     5  9.16687931e-01 -1.13176167e-08 3.47675847e-01 1.78393724e+00 1.180313e+01 8 2442102 1118751 2 686081 677702 5 595011 582659 14 555478 530184 11 589482 469564 
0342_2 1000 92.828125     8     5  6.40957150e-01 -6.75518670e-08 -8.44039481e-01 2.81337047e-01 1.147978e+01 8 3175268 1313736 6 638587 607922 2 676870 669350 19 547058 542932 5 598623 586285 
0343_1 0110 93.070312     8     5  9.62989745e-01 -8.61462163e-08 1.03089129e+00 2.38875149e+00 1.189513e+01 6 791872 759671 19 656623 651697 8 34784297 3686207 11 671993 540255 5 673069 660121 
0343_2 1011 93.070312     8     5  2.71480532e+00 -2.09127778e-08 -8.81927221e-01 1.01694529e+00 1.220314e+01 5 673474 660483 8 61731488 5340023 3 743974 725351 2 792710 784388 14 669741 639714 
0344_1 1101 93.312500     8     5  8.36355940e-01 -6.59037438e-08 3.77610931e-01 1.00895599e+00 1.168494e+01 2 718557 708676 3 666853 647896 11 561050 453553 5 581753 570784 6 676455 644682 
0344_2 0110 93.312500     8     5  1.44934191e+00 -1.19448657e-07 -2.54307607e-01 1.55915690e+00 1.179665e+01 19 538639 534954 3 650866 632617 2 726204 715490 5 587912 576471 8 4060616 1341660 
0345_1 1100 93.554688     8     5  6.92018151e-01 -5.85600362e-08 6.45360556e-01 6.37823357e-01 1.203523e+01 8 6050880 1921336 2 588288 581044 5 494134 484230 6 551452 525946 14 476086 454761 
0345_2 1001 93.554688     8     5  7.76209929e-01 -3.73322293e-08 -6.06232473e-01 3.50667749e-01 1.193238e+01 2 605948 598547 14 483638 462351 3 548667 533639 8 23603397 3580180 6 540669 517367 
0346_1 1000 93.796875     8     7  1.28123188e+00 4.32198329e-09 1.27396802e+00 1.16005246e+00 1.525959e+01 11 590097 471696 3 645262 628049 6 727524 689237 5 602688 588095 14 604398 572870 19 588345 582724 2 741433 730144 
0346_2 0100 93.796875     8     7  1.29231464e+00 -1.04969699e-09 -1.17598537e+00 1.64309927e+00 1.585100e+01 11 606161 481682 2 726187 715558 19 607942 600028 3 648115 630646 6 725615 685870 14 599225 565617 5 614793 599007 
0347_1 0000 94.039062     8     5  4.48395281e-01 -7.62367515e-08 2.55263560e-01 1.14502135e+00 1.183794e+01 8 10749943 2347753 2 545933 539545 6 549968 524949 3 514221 500120 5 492798 482947 
0347_2 0101 94.039062     8     5  5.03189374e-01 -5.88548963e-08 -4.50043312e-01 4.28080321e-01 1.216225e+01 2 558500 551931 8 37823084 3784522 14 457634 436528 6 545523 521702 5 497697 487302 
0348_1 1011 94.281250     8     5  1.70908930e+00 -9.56448997e-08 6.39667902e-01 2.00362041e+00 1.203115e+01 14 604945 577618 11 596208 480857 2 717557 709647 19 602857 598693 5 616623 604876 
0348_2 1000 94.281250     8     5  1.82480823e+00 -1.91791810e-08 -8.43043474e-01 5.15101390e-01 1.215098e+01 3 656539 638976 8 2133152 860137 11 593812 474586 19 599327 594572 5 624938 611315 
0349_1 0110 94.523438     8     5  3.36248021e-01 2.89968570e-09 9.18547439e-01 3.67113118e-01 1.232351e+01 19 630477 625705 2 737317 728534 8 35290618 3748766 11 659135 529466 14 620730 592182 
0349_2 1010 94.523438     8     5  3.83614988e-01 -1.94730811e-08 -1.15445212e+00 7.32893527e-01 1.353063e+01 8 54645778 4906067 19 647709 642657 11 688416 544286 14 620141 590258 6 713024 684196 
0350_1 0111 94.765625     8     5  2.17905894e+00 -3.47380416e-08 1.11776563e+00 4.23137536e-01 1.220131e+01 11 680029 542892 8 7745517 2367300 3 725394 706592 5 669350 657043 19 646654 641943 
0350_2 0101 94.765625     8     5  2.30097788e+00 -5.75970984e-08 -9.50520442e-01 3.86407952e-01 1.202898e+01 2 783136 774247 6 772122 732154 5 686050 671144 14 655338 624476 11 676421 540262 
0351_1 0011 95.007812     8     5  5.86203479e-01 -4.96831723e-08 5.69882150e-01 1.25515266e+00 1.280055e+01 3 754836 735433 8 23988471 4431451 6 807856 774226 14 707555 675080 19 684328 679350 
0351_2 1001 95.007812     8     5  6.34605435e-01 -7.63457143e-08 -7.84326416e-01 4.98862605e-01 1.255101e+01 2 817105 808091 5 736249 721891 8 63833499 6287507 6 800801 766613 3 762744 742545 
0352_1 1001 95.250000     8     5  1.76611308e+00 -5.89325661e-08 8.00254798e-01 1.80957518e+00 1.201688e+01 14 704501 672307 8 3814438 1490344 3 792231 767983 2 859731 846352 19 689185 683822 
0352_2 0100 95.250000     8     5  7.09219992e-01 -3.79631015e-08 -1.16663432e+00 2.53649474e+00 1.194041e+01 11 908146 664101 3 787795 763583 19 686797 681307 5 716560 701970 2 864609 847254 
0353_1 1000 95.492188     8     5  3.41044312e-01 3.10972001e-09 4.84582567e-01 5.48257391e-01 1.259962e+01 8 27700597 3796833 2 811790 802357 14 694680 660400 5 726330 710990 19 678983 673632 
0353_2 1000 95.492188     8     5  6.71110828e-01 -5.86394940e-08 -6.80257376e-01 2.43367031e-01 1.214389e+01 11 707181 563049 19 684433 678930 2 813830 804657 8 49464626 4959853 14 700813 667156 
0355_1 1111 95.976562     8     5  2.40092629e+00 -3.84887673e-09 1.07911914e+00 2.36448384e+00 1.242277e+01 14 663859 633162 19 611426 607110 8 14027582 4018759 5 695044 680914 6 760435 726609 
0355_2 1001 95.976562     8     5  2.62579588e+00 -4.82985518e-08 -2.87121788e-01 3.62291535e-01 1.305480e+01 8 50714589 6206568 11 716265 566470 14 661101 630492 5 699341 684894 6 782227 742749 
0356_1 0111 96.218750     8     5  8.69652682e-01 -1.68092403e-09 6.66167993e-01 2.96108308e+00 1.228750e+01 2 842531 833494 8 11135575 3371548 3 800421 778740 14 726782 693364 19 695679 690527 
0356_2 1110 96.218750     8     5  6.81603995e-01 -3.57034226e-08 -3.08005743e-01 1.00714492e+00 1.299309e+01 14 709258 676885 3 790407 769925 11 756921 602142 8 39445996 4557742 6 848336 811069 
0357_1 1101 96.460938     8     5  2.77281776e+00 -1.15682233e-08 9.74940325e-01 2.92504004e+00 1.268385e+01 8 24462929 3522432 14 510856 485075 19 496487 492392 6 638401 596038 3 561288 545608 
0357_2 0001 96.460938     8     5  2.61035750e+00 -5.51583398e-08 -1.25769559e+00 1.99297773e+00 1.257805e+01 8 53122881 4501030 19 494813 491017 14 509697 484643 2 600046 593326 6 613469 580008 
0358_1 0100 96.703125     8     5  1.30605476e+00 -7.71391327e-08 2.51936202e-01 2.33340635e+00 1.253841e+01 8 3657671 1280213 2 733138 724230 14 615100 585376 3 669616 651926 19 602249 597611 
0358_2 1101 96.703125     8     5  2.11086022e+00 -1.54261812e-08 -1.29023007e+00 1.83911713e+00 1.167928e+01 2 725361 717316 5 628563 616577 14 610204 583179 6 725018 691018 19 607527 602885 
0359_1 0101 96.945312     8     6  2.52891070e+00 -6.44112055e-08 4.36852842e-01 8.25807936e-01 1.275177e+01 19 488411 484652 2 593756 587654 5 511965 502756 8 36609570 3462028 14 508077 484107 6 588124 561149 
0359_2 0000 96.945312     8     5  2.81198245e+00 -1.39296045e-08 -1.13124492e+00 2.17449333e+00 1.388555e+01 2 609592 602117 11 495982 395311 6 587827 559601 14 512805 487500 8 53381676 3743933 
0360_1 0010 97.187500     8     6  2.48846599e+00 -8.82467113e-08 9.44378687e-01 9.28128054e-01 1.294544e+01 5 756445 741401 3 855175 824566 14 735793 700619 8 18057690 2966445 11 739229 581828 2 907294 893796 
0360_2 1010 97.187500     8     5  2.07603307e+00 -1.19140219e-07 -4.65065836e-01 9.08820986e-01 1.226142e+01 8 42654472 4029017 2 911204 897620 6 867947 828758 11 738342 581909 3 846582 817262 
0361_1 1110 97.429688     8     5  2.53311875e+00 -1.12118359e-08 1.03091766e+00 2.53966837e+00 1.227771e+01 14 634475 603113 5 640555 628087 11 635941 503057 8 8700487 2643511 2 741309 733125 
0361_2 0011 97.429688     8     5  2.66621777e+00 -3.86656930e-08 -7.85949566e-01 7.32334370e-01 1.298892e+01 11 624009 502375 8 35841905 4449763 5 641657 629373 19 621209 616782 2 745542 738029 
0362_1 0000 97.671875     8     5  4.68197343e-01 -1.04702588e-08 3.48285518e-01 1.72510641e+00 1.208404e+01 2 722238 713711 11 633227 501716 6 702342 671827 8 20670599 3347688 19 596725 592379 
0362_2 0100 97.671875     8     5  4.75317529e-01 -4.01726107e-08 -1.24714474e+00 1.33299486e+00 1.234564e+01 3 685714 668070 11 641040 506758 8 43670470 4244830 6 707936 675105 14 625835 596342 
0363_1 0101 97.914062     8     5  1.64789656e+00 -6.45074819e-08 1.39172845e+00 1.46730415e+00 1.189379e+01 5 660853 647328 14 631393 602245 8 4774893 1814957 11 627034 502514 2 735161 726591 
0363_2 1101 97.914062     8     5  2.08768098e+00 -1.84136949e-08 -1.25229720e+00 2.08460223e+00 1.182864e+01 2 742703 734295 5 655887 642912 11 621378 499153 8 18079161 2977131 19 585987 582281 
0364_1 1011 98.156250     8     5  2.60346975e+00 -1.45260082e-08 1.28736709e+00 2.00404121e+00 1.280298e+01 3 815655 795124 2 874876 865530 6 873114 834217 8 25207848 4773999 19 724585 719341 
0364_2 1000 98.156250     8     5  2.02001477e+00 -3.46166550e-08 -1.17322257e+00 1.51426430e+00 1.265565e+01 2 867395 856312 6 870125 828732 19 726304 720656 3 808587 786638 8 64982307 6175578 
0365_1 0101 98.398438     8     5  2.33381290e+00 -7.98019500e-08 4.46630015e-01 1.00812174e+00 1.159793e+01 2 738532 730439 14 640694 611918 19 633442 628738 6 757724 718614 5 650757 637519 
0365_2 1010 98.398438     8     5  2.49036973e+00 -5.99229726e-08 -1.06773913e+00 6.02489468e-01 1.196225e+01 2 736692 728704 19 630889 626019 5 658438 644696 6 740260 704086 8 5787953 1561109 
0366_1 0110 98.640625     8     5  3.44509783e-01 -1.11118155e-08 7.41520496e-01 4.54025049e-01 1.229127e+01 5 639863 627514 2 755798 746008 8 24602933 3408598 11 643186 512041 6 751384 717251 
0366_2 1101 98.640625     8     6  2.49680181e+00 -5.20366718e-08 -1.35667746e+00 1.92810994e+00 1.285429e+01 8 44291851 5007438 3 692294 674304 14 645990 616143 11 642991 514699 6 756886 721332 2 739703 731595 
0367_1 0101 98.882812     8     5  2.53634712e+00 -7.92665898e-08 4.71768047e-01 9.24029153e-01 1.206769e+01 14 650596 620380 6 759883 722272 19 604615 600462 3 712921 693393 2 780528 771400 
0367_2 0011 98.882812     8     5  2.68804091e+00 -9.96060297e-09 -6.94617449e-01 1.00564889e+00 1.181220e+01 2 759300 751566 11 665330 533795 8 13078765 2525346 19 609309 605251 5 653486 641208 
0368_1 1011 99.125000     8     5  2.42417805e+00 -1.99389413e-08 7.59917107e-01 2.28507948e+00 1.221971e+01 11 786053 627914 6 897460 858159 3 835619 812344 5 802707 786744 2 926648 915047 
0368_2 1101 99.125000     8     5  3.55721873e-01 -4.28024186e-08 -1.11011373e+00 6.42027732e-01 1.392920e+01 14 760683 725717 6 909614 868363 3 837220 813090 5 793040 776636 8 48154840 4890148 
0369_1 0110 99.367188     8     5  1.07108583e+00 -1.59000364e-08 9.90380554e-01 1.26527557e+00 1.192845e+01 5 673006 659588 8 1357589 974807 19 631559 626783 11 636721 509038 14 647090 615946 
0369_2 1011 99.367188     8     5  2.19711218e+00 -4.33480857e-09 -1.30931362e+00 5.23839425e-01 1.191025e+01 5 672733 659905 11 648067 519891 3 694776 677379 6 786337 748981 19 639996 635290 
0370_1 1010 99.609375     8     5  8.21819963e-01 5.69245602e-09 2.15820065e-01 2.14221294e+00 1.202742e+01 8 8880726 2355485 5 674458 661881 3 723914 704733 11 662774 529432 2 779397 769695 
0370_2 1001 99.609375     8     5  4.69027206e-01 -3.46971209e-09 -9.90875048e-01 3.84701636e-01 1.225196e+01 8 23419859 3497412 2 783855 774433 3 715524 697414 6 773812 736463 5 669289 656464 
0371_1 0010 99.851562     8     8  1.49994347e+00 5.19849863e-09 4.91039464e-01 2.92003383e+00 1.936969e+01 3 7250531 2032146 2 6243888 2397504 6 10133802 1871168 19 13090157 2136168 11 9895538 1312993 8 26767866 3580681 14 9849284 1664317 5 10389301 1873614 
0371_2 0111 99.851562     8     8  1.50407655e+00 2.88967104e-10 -2.87081733e-01 2.99971143e+00 1.891189e+01 19 13660610 2322629 3 7900217 2150379 11 9380135 1366969 8 53221339 4998788 2 6543646 2535842 5 10541005 1986589 6 10584153 1977538 14 9644061 1706826 
0372_1 1110 100.093750     8     7  1.95733465e+00 -1.00170961e-08 3.07539315e-01 2.11884978e+00 1.808121e+01 19 736641 731234 2 2611863 1357204 3 2272972 1173773 11 763945 609760 8 4895196 2070419 6 904453 864491 5 2231670 1102948 
0372_2 1010 100.093750     8     6  2.02849970e+00 1.35035700e-09 -9.51138537e-01 1.29817103e+00 1.578541e+01 3 2216543 1230839 2 2595654 1367027 8 8700527 2772716 6 897630 859629 5 2255256 1147385 11 769486 615413 
0373_1 0000 100.335938     8     5  1.55927814e+00 -1.39719701e-08 1.05539506e+00 1.81865310e+00 1.179504e+01 11 675149 544322 3 716835 697666 19 632788 627923 8 18827981 3520788 5 681094 667121 
0373_2 0101 100.335938     8     5  3.67972129e-01 -1.17292004e-09 -1.02091207e+00 4.33939083e-01 1.239241e+01 14 664590 635631 19 630449 625848 8 46214291 5016362 5 673734 660908 2 786643 777184 
0374_1 1000 100.578125     8     5  1.27093908e+00 -4.83839765e-08 3.56715187e-01 1.69235996e+00 1.181982e+01 3 722253 702987 6 753210 719682 11 675319 539471 19 627302 622881 2 757806 749072 
0374_2 0000 100.578125     8     5  1.29385507e+00 -5.17358451e-08 -5.28227087e-01 1.27766491e+00 1.187094e+01 19 625083 620470 2 755293 747059 8 11643175 2905805 3 716928 697881 6 756368 722696 
0375_1 0110 100.820312     8     5  3.54381044e-01 -2.72604670e-08 3.97379107e-01 5.84292612e-01 1.224787e+01 2 776261 767102 19 643977 638867 8 4250896 1688231 3 727964 708340 11 690407 552061 
0375_2 0111 100.820312     8     5  3.41288780e-01 2.05961429e-09 -1.14173120e+00 2.66489403e+00 1.207576e+01 3 719937 702079 8 9692623 2043862 19 642538 638157 11 688963 554099 5 685898 672735 
0376_1 1111 101.062500     8     5  7.22136674e-01 7.82141054e-09 5.85017190e-01 2.32045201e+00 1.203393e+01 2 919362 909175 19 776812 771065 14 792349 755813 8 5481789 2182614 6 924069 883647 
0376_2 0011 101.062500     8     5  2.10250246e+00 -8.68760957e-08 -8.59241047e-01 1.81223903e+00 1.190109e+01 6 906112 868275 2 939196 928098 3 895554 870755 11 794459 637233 8 9684157 2782769 
0377_1 1000 101.304688     8     5  1.52484498e+00 -9.32235543e-08 6.00585688e-01 6.58177293e-01 1.234234e+01 5 714015 699201 8 6769738 1815590 19 645354 640173 6 829922 781162 14 666337 635417 
0377_2 1000 101.304688     8     5  1.54197755e+00 -3.90604521e-08 -7.65710287e-01 1.86676682e-01 1.201475e+01 3 739390 720282 2 782879 773618 11 721851 572549 6 837734 791116 8 11393073 2296258 
0378_1 0110 101.546875     8     5  5.04029337e-01 -5.25667392e-08 3.03351246e-01 4.02812984e-01 1.185472e+01 8 7776683 2361962 11 709255 563707 14 686586 652879 6 845762 791630 2 774436 765582 
0378_2 1110 101.546875     8     5  4.81440333e-01 -2.21298730e-09 -3.51682330e-01 1.03674655e+00 1.252382e+01 2 782278 772878 8 22736660 3370869 11 703320 559907 19 661304 656262 14 676362 644142 
0379_1 0010 101.789062     8     5  8.84243287e-01 -4.72902516e-08 9.95172044e-01 2.30764492e+00 1.152177e+01 6 663637 626741 19 546847 542788 11 572672 458920 2 663331 654954 8 10653473 1752623 
0379_2 0110 101.789062     8     5  7.57628191e-01 -3.14822350e-08 -9.17653808e-01 2.44770064e+00 1.218424e+01 5 588658 576663 14 541399 516855 19 554299 550098 3 638257 621342 11 564295 455166 
0380_1 1010 102.031250     8     5  2.51246933e+00 -1.55524062e-08 9.57644977e-01 2.14105629e+00 1.170843e+01 14 806268 769043 6 945959 895973 2 981072 968513 11 798782 636977 3 886844 865018 
0380_2 0101 102.031250     8     5  3.01995000e-01 -9.92390754e-08 -1.12355202e+00 4.67120367e-01 1.197057e+01 3 896863 874670 8 14518431 2916977 2 961446 949967 5 826725 809896 6 951097 903484 
0381_1 0000 102.273438     8     5  2.95171978e-01 -4.02511755e-09 1.11976254e+00 1.55821587e+00 1.263029e+01 8 23769245 3432132 2 767913 755706 19 610955 606273 14 618906 589495 5 618930 606512 
0381_2 1100 102.273438     8     5  5.01439698e-01 -1.17175348e-08 -1.20385895e+00 1.30165064e+00 1.312211e+01 6 719803 684662 14 623844 594172 8 46412783 4176017 19 612697 607735 11 659638 521147 
0382_1 0010 102.515625     8     5  2.34309905e+00 -2.29561044e-09 9.57181365e-01 1.22022066e+00 1.162434e+01 19 754461 748718 2 956413 941942 5 801480 783988 11 747111 599854 14 771796 734275 
0382_2 1000 102.515625     8     5  1.62056544e+00 -1.95292366e-08 -1.10789294e+00 2.23329355e+00 1.217603e+01 14 783820 745042 19 751644 745833 8 19635829 3992556 6 907754 860531 11 764093 610953 
0383_1 0000 102.757812     8     5  8.83794641e-01 -5.02083051e-08 2.88262808e-01 1.83155018e+00 1.199785e+01 14 693198 660030 11 725516 579225 6 816494 772350 8 10725661 1696006 19 660016 654959 
0383_2 0010 102.757812     8     5  8.30761119e-01 -8.43663127e-08 -1.17529659e+00 9.17704449e-01 1.181120e+01 6 806178 757227 2 944245 925898 8 8967624 1688944 5 731864 714462 11 725399 580364 
0384_1 0000 103.000000     8     5  7.81037128e-01 -6.00253872e-10 5.17233156e-01 1.77026886e+00 1.246253e+01 3 1002134 967584 6 1094703 1010565 19 786549 780221 8 15195859 2961534 2 1092467 1070844 
0384_2 1110 103.000000     8     5  2.58435488e+00 -1.27548219e-08 -2.84410815e-01 1.03363859e+00 1.300560e+01 3 1028556 987326 6 1081553 1007258 14 833529 794059 11 806482 643136 8 26515912 3576598 
0385_1 1001 103.242188     8     5  4.07129554e-01 -1.18294704e-08 6.66410930e-01 2.47061411e+00 1.305217e+01 3 943339 918148 19 800372 794413 14 823369 785426 5 832297 815149 8 41793264 4901254 
0385_2 0010 103.242188     8     5  9.99779609e-01 -2.88262629e-08 -1.09801958e+00 5.65398139e-01 1.227292e+01 11 853209 677758 3 972712 944885 6 969927 923482 5 859920 840106 8 61996386 5944021 
0386_1 1001 103.484375     8     5  2.54476858e+00 -1.75519062e-08 1.39137506e+00 1.74674193e+00 1.268880e+01 11 784949 627771 8 22187607 3746209 6 918755 878071 5 796867 780857 19 736571 731368 
0386_2 0011 103.484375     8     6  2.52117519e+00 -6.94348322e-08 -2.99584461e-01 2.40677873e+00 1.291537e+01 3 941167 916720 8 52059701 5124409 19 741133 736012 6 924992 883090 5 786013 770601 11 792578 632625 
0387_1 1001 103.726562     8     6  2.47229598e+00 -3.39616099e-08 1.30203064e+00 1.22891425e+00 1.291290e+01 14 766531 730133 5 765591 749338 19 726302 721164 8 24058052 3843122 11 756373 600815 2 972237 957525 
0387_2 0101 103.726562     8     5  2.46196363e+00 -4.08687536e-08 -9.46433219e-01 1.26574894e+00 1.250973e+01 6 927062 878337 8 55844320 5641477 5 773123 756790 2 993584 976552 3 884980 862574 
0388_1 0010 103.968750     8     5  1.36395100e+00 -9.05496114e-08 1.11702506e+00 1.55826867e+00 1.220657e+01 5 745414 729087 6 965346 897042 8 4729470 1557710 2 960200 944845 3 835751 815811 
0388_2 1001 103.968750     8     5  2.13280802e+00 -3.30481333e-08 -9.71140368e-01 3.18212045e-01 1.217005e+01 2 959177 944965 5 739744 724737 6 987965 914030 8 4864982 1546852 3 842949 823298 
0389_1 0100 104.210938     8     6  1.19961029e+00 1.35773832e-09 1.20134787e+00 1.64396958e+00 3.414350e+01 19 7390340 1754645 14 5948530 1147605 11 5732294 919716 3 963595 938238 5 889065 869876 8 5214323 1721690 
0389_2 0110 104.210938     8     6  1.13696442e+00 8.40806050e-09 -5.00344472e-01 1.76363464e+00 1.713359e+01 14 10374267 1572105 8 5229761 1738022 11 10371690 979407 2 1039133 1023652 6 1128195 1042490 19 12229612 2585513 
0390_1 1100 104.453125     8     5  2.23176474e+00 3.06036892e-10 9.44798056e-01 2.65552669e+00 1.218090e+01 2 858789 847398 8 13200884 2809337 5 739226 722491 3 784122 764361 19 692817 687312 
0390_2 1011 104.453125     8     5  2.43168535e+00 -2.47980895e-08 -8.46358480e-01 1.11043432e+00 1.181712e+01 14 712992 680385 19 685958 681147 8 24809659 3868878 2 871513 861555 5 727739 713022 
0391_1 0010 104.695312     8     5  3.99017018e-01 -3.72879363e-09 1.03955336e+00 2.54207524e+00 1.214663e+01 11 613844 488600 8 9433630 2165281 6 667027 638118 3 651354 634191 19 557596 553011 
0391_2 0110 104.695312     8     5  1.93947037e+00 -6.42402057e-08 -5.95239814e-01 1.12577862e+00 1.226154e+01 3 640592 624224 2 698658 690293 14 582601 555261 8 19655371 3176643 19 560276 555765 
0392_1 1000 104.937500     8     5  2.68035025e+00 -5.93192963e-08 1.11506235e+00 7.34449752e-01 1.211949e+01 14 854609 812008 11 862636 689642 5 875358 856571 3 962529 935362 8 18624930 3644168 
0392_2 1010 104.937500     8     5  2.67613305e+00 -3.50262269e-08 -1.13770577e+00 7.69576522e-01 1.312032e+01 11 858126 688779 6 994509 947986 2 1029451 1015578 8 41689022 4847247 5 858267 841841 
0393_1 0110 105.179688     8     5  6.40918757e-01 -6.57620957e-09 9.57389752e-01 8.83918987e-01 1.226615e+01 2 865249 854429 14 712520 679003 8 57633855 5129956 19 690103 684982 3 775916 756194 
0393_2 0110 105.179688     8     5  5.80762304e-01 -3.24818077e-09 -1.22194671e+00 1.60548496e+00 1.362233e+01 3 778780 759234 8 82169419 6473285 14 714279 681334 19 700587 695375 5 730171 716567 
0394_1 1011 105.421875     8     5  2.49507307e+00 -4.69857300e-08 7.45208061e-01 2.07186510e+00 1.206558e+01 3 791225 771303 19 686294 681493 6 811473 775864 14 728695 694233 8 5399255 2095970 
0394_2 0110 105.421875     8     5  2.27269161e+00 -9.87281741e-08 -2.12485831e-01 1.83712411e+00 1.222190e+01 19 701137 695564 8 15544614 3124557 14 727293 692979 3 801233 780618 2 857037 846528 
0395_1 1010 105.664062     8     5  1.46570846e+00 -9.32876688e-08 5.57238080e-01 1.96389203e+00 1.223409e+01 8 14928273 2735745 3 825234 802875 14 746578 709280 2 860979 850595 5 777220 760489 
0395_2 0010 105.664062     8     5  2.66454373e+00 -4.27681388e-08 -2.50493653e-01 9.58737435e-01 1.223302e+01 14 733680 697562 5 761598 746199 8 24412919 3285139 19 709957 704795 6 865554 821848 
0396_1 1000 105.906250     8     5  1.62955041e+00 -4.75298968e-08 1.02295369e+00 1.22217631e+00 1.322223e+01 6 1044014 978804 3 948041 923850 14 861797 821265 11 879470 695802 8 26286092 2850337 
0396_2 1100 105.906250     8     5  2.51597582e+00 -8.41007191e-08 -1.13129355e+00 1.33333218e+00 1.207821e+01 11 865634 688190 5 896334 878469 19 838619 832323 8 32749671 3575249 2 1028453 1015400 
0397_1 1001 106.148438     8     5  8.56645230e-01 -4.66721802e-08 4.71231061e-01 1.17066765e+00 1.215787e+01 19 824645 819012 8 10568596 2745885 5 888208 870932 11 878952 701999 14 887247 845085 
0397_2 1111 106.148438     8     5  8.01205752e-01 -8.53695292e-08 -8.13079762e-01 1.18512185e+00 1.250489e+01 14 880847 839547 5 877412 861180 19 763573 758350 8 19811363 3573446 2 1037682 1025993 
0398_1 1010 106.390625     8     5  2.30019902e+00 -5.78282208e-08 1.05622921e+00 6.42129887e-01 1.202241e+01 11 742032 592926 3 803680 783946 5 738706 724550 2 857544 847670 8 10855832 2782905 
0398_2 0000 106.390625     8     5  2.74936986e+00 -2.02741843e-08 -3.84458111e-01 6.35011621e-01 1.230681e+01 11 727075 585903 6 859647 820858 2 863135 851921 8 38658696 3861391 5 739058 725050 
0399_1 1110 106.632812     8     5  2.61255826e+00 -2.95090895e-08 1.18783885e+00 1.84244939e+00 1.212581e+01 14 762615 723307 6 882466 834919 5 770763 755714 8 18030753 3168830 11 731525 590310 
0399_2 0110 106.632812     8     5  2.77119731e+00 -2.71660408e-08 -1.18784795e+00 1.20599505e+00 1.220410e+01 14 744477 708662 6 895945 847365 2 867521 857078 3 804976 784265 8 32833418 4306451 
0400_1 0110 106.875000     8     5  2.68440103e+00 4.09865744e-09 4.32340342e-01 1.41982237e+00 1.202635e+01 8 26510945 4039197 2 1061833 1047930 14 884198 841256 6 1044867 997957 3 979810 953496 
0400_2 0110 106.875000     8     5  2.50365862e+00 -9.87405911e-10 -3.87720926e-01 1.00272936e+00 1.222802e+01 8 60526459 5532511 3 1005765 974999 6 1026013 981422 14 875322 834269 2 1061750 1047928 
0401_1 0001 107.117188     8     5  2.14413529e+00 6.06867086e-09 1.30602390e+00 1.16004168e+00 1.193507e+01 8 4304522 1718775 14 777016 738307 5 759374 744877 11 765937 606296 6 876852 828611 
0401_2 1001 107.117188     8     5  1.70903281e+00 -2.99220544e-08 -1.18159164e+00 2.82071966e-01 1.196036e+01 11 756374 604424 3 804474 784242 5 757260 742418 6 855785 812473 14 784606 744321 
0402_1 0010 107.359375     8     5  2.44885101e+00 -2.89356424e-08 1.06560281e+00 1.31791395e+00 1.198597e+01 8 4981386 2368430 3 799193 779057 11 751770 603807 19 729113 723560 2 897879 886234 
0402_2 1100 107.359375     8     5  2.41380566e+00 -5.76220833e-08 -2.74027458e-01 1.35619869e+00 1.224758e+01 8 20472789 3988279 11 762649 611194 6 883310 843071 19 723205 717630 14 748634 713366 
0403_1 1011 107.601562     8     4  8.21340908e-01 -2.35902316e-09 1.19181784e+00 5.09555311e-01 1.152189e+01 14 289073 275249 8 6505789 918291 5 294930 289472 11 283422 237055 
0403_2 0010 107.601562     8     5  5.75435528e-01 -6.17908690e-08 -9.87236002e-01 2.57589164e+00 1.182137e+01 2 329030 325371 8 6913602 1029051 6 322846 308162 11 293730 243432 5 291716 286753 
0404_1 0110 107.843750     8     5  2.29167483e+00 8.60375005e-09 9.27583353e-01 9.64298935e-01 1.204521e+01 8 2867292 638461 19 228727 226927 6 294367 277561 11 265800 204950 2 321514 317218 
0404_2 1011 107.843750     8     5  2.39777455e+00 -1.48954736e-09 -3.92290929e-01 2.35421146e+00 1.218880e+01 6 287443 272366 8 2492314 589201 3 295138 286902 11 271207 207652 2 320900 317458 
0405_1 1111 108.085938     8     5  5.04940850e-01 -2.75574890e-09 7.49050557e-01 7.71797741e-01 1.187880e+01 5 774470 760344 2 887699 877909 6 905464 856963 8 4556978 1793938 14 765271 730339 
0405_2 1010 108.085938     8     5  1.02993246e+00 -2.46249397e-08 -4.44600183e-01 1.13303926e+00 1.169228e+01 19 736646 731184 3 831973 810224 5 774096 759052 8 8207145 2386411 14 781222 741669 
0406_1 1101 108.328125     8     5  3.88409516e-01 -2.57726138e-08 4.35111587e-01 9.06945051e-01 1.195107e+01 19 761762 755858 5 787049 772087 8 21001551 3763409 11 779404 626961 6 867430 831177 
0406_2 0110 108.328125     8     5  3.27494735e-01 -3.32777471e-09 -7.44235406e-01 1.75377462e-01 1.319697e+01 8 49223437 4658794 2 908041 896933 6 881618 842433 11 779273 623008 3 818747 798091 
0407_1 0010 108.570312     8     5  5.90522612e-01 -8.91388728e-09 8.98561381e-01 4.63484621e-01 1.237657e+01 8 26127688 4144186 14 773611 736277 5 785587 770047 3 845121 822492 2 904612 893414 
0407_2 0001 108.570312     8     5  2.84996629e+00 -6.20955856e-09 -9.64585098e-01 1.45555410e+00 1.320744e+01 14 771269 734848 8 60498886 5655719 5 786779 771915 3 836910 815899 6 896695 854290 
0408_1 1110 108.812500     8     7  5.65649665e-01 -2.38352443e-09 1.96751793e-01 2.72614836e+00 1.851140e+01 2 1136959 1118374 14 994347 885375 5 957558 935424 8 23702356 3449529 11 948609 745567 19 993337 958752 6 1071594 1014717 
0408_2 1111 108.812500     8     8  5.60861497e-01 1.98303388e-10 -5.34935057e-01 3.00331612e+00 2.499196e+01 19 1102089 990189 8 41410274 4678829 5 972654 933351 2 1376317 1244280 11 1147819 777421 6 1097771 1027500 14 1116172 911510 3 1013650 986973 
0409_1 1100 109.054688     8     5  2.86573948e+00 -6.49238609e-09 9.90840609e-01 2.63226009e+00 1.238837e+01 14 913300 869937 19 874608 867987 6 1070852 1022613 11 946725 755461 8 13998034 3049436 
0409_2 1100 109.054688     8     5  2.39173511e+00 -1.03312294e-07 -8.54909820e-01 2.90106085e-01 1.195475e+01 2 1101395 1087336 14 913874 870686 8 35695966 4117702 5 965204 945069 6 1056382 1011443 
0410_1 0001 109.296875     8     5  1.87133993e+00 -2.20815612e-08 1.32750947e+00 1.02944248e+00 1.250810e+01 2 916336 905763 19 749434 743941 14 767093 733216 8 10131332 2822344 6 914539 873629 
0410_2 1110 109.296875     8     5  2.10276710e+00 -4.67087281e-08 -7.10867718e-01 2.33793306e-01 1.223546e+01 19 765445 759179 8 23986381 3876065 6 945830 899216 5 789406 774732 14 781654 744573 
0411_1 1101 109.539062     8     5  4.40095164e-01 -2.21445300e-08 1.03085521e+00 2.71410260e+00 1.243296e+01 6 906602 864477 19 768457 762444 11 809127 650371 2 919837 909411 8 8927788 2351409 
0411_2 1101 109.539062     8     5  1.43909837e+00 -7.53073445e-08 -1.31337874e+00 1.85443134e+00 1.283380e+01 8 21753163 3244794 5 809419 794356 11 805279 649948 3 871544 849033 6 888897 849627 
0412_1 1001 109.781250     8     5  1.98438072e+00 -5.05187021e-08 1.27322691e+00 1.14114394e+00 1.245672e+01 11 943433 755857 19 881077 874778 2 1162777 1139918 8 10135480 2712220 5 953746 933917 
0412_2 0101 109.781250     8     5  2.77296943e+00 -3.79524471e-09 -1.39801437e+00 2.10032116e+00 1.229604e+01 6 1086036 1033147 2 1156523 1133931 14 930834 888591 3 1101911 1061295 5 960812 940176 
0413_1 1101 110.023438     8     5  2.44821024e+00 -8.20888054e-08 1.03462497e+00 2.80830795e+00 1.196860e+01 2 1093270 1081450 11 987631 789203 8 7095717 2634614 6 1136276 1079042 19 921915 914815 
0413_2 1001 110.023438     8     5  1.22249979e+00 -7.26393866e-08 -8.99828552e-01 1.43260632e+00 1.229577e+01 19 932631 925175 11 969434 778805 2 1122196 1108332 14 953497 908850 8 19198912 4101530 
0414_1 0111 110.265625     8     5  2.67413727e+00 8.19246771e-10 1.41317509e+00 2.26659645e+00 1.182190e+01 8 3569306 1560162 5 895619 879145 11 901935 723003 14 889160 848143 3 973264 947323 
0414_2 0001 110.265625     8     5  9.14597415e-01 -1.17079702e-07 -1.10709762e+00 4.09155602e-01 1.186235e+01 6 1109309 1047392 2 1028439 1017309 11 917835 732984 8 4427345 1837637 14 885850 846635 
0415_1 0111 110.507812     8     5  2.26553557e+00 -1.22906594e-07 6.90819089e-01 2.80880707e+00 1.249761e+01 8 14119422 3434902 5 788936 774022 6 960977 898686 19 750228 744854 2 898206 888186 
0415_2 1110 110.507812     8     5  2.36423281e+00 -8.42677850e-08 -5.90258859e-01 1.09392030e+00 1.373075e+01 19 757760 752185 6 958824 902250 14 786502 749730 8 43013071 4931368 3 839903 818020 
0416_1 1010 110.750000     8     5  7.86260069e-01 7.30538747e-09 6.17472442e-01 2.97217183e+00 1.189594e+01 11 975220 776932 14 918263 876267 19 923769 916404 5 947625 929467 8 13825011 2747002 
0416_2 0110 110.750000     8     5  2.30068471e+00 -1.12215006e-07 -1.13466099e+00 1.08050511e+00 1.187139e+01 3 1027755 1001821 6 1165288 1094589 11 960571 770838 5 965982 946514 2 1138775 1124452 
0417_1 0010 110.992188     8     5  1.63685257e+00 -9.70996558e-08 1.65719114e-01 1.41488710e+00 1.172311e+01 3 891312 867216 11 801396 643338 6 957645 909068 5 814027 798302 2 919253 908516 
0417_2 1010 110.992188     8     5  3.04183007e-01 -2.83035809e-09 -1.19855220e+00 1.30506031e+00 1.268946e+01 2 936151 925373 6 937796 893251 8 45385092 5175080 19 778377 772084 3 882260 859277 
0418_1 0001 111.234375     8     5  1.50641899e+00 5.41082040e-09 1.32904018e+00 1.36907078e+00 1.181044e+01 2 1105721 1093059 19 922318 915557 6 1121008 1067170 11 1001688 800332 14 961568 917120 
0418_2 1000 111.234375     8     5  9.57611693e-01 -7.30927217e-08 -9.50823476e-01 6.42260009e-01 1.283227e+01 6 1112822 1059867 3 1045013 1018219 14 947435 903690 8 29188571 5551524 19 929521 922539 
0419_1 0100 111.476562     8     5  7.07139895e-01 -4.67356424e-08 7.42057760e-01 5.74625458e-01 1.214912e+01 14 864307 823622 3 969393 944260 8 7332960 2981146 6 1071581 1014613 2 1044336 1031652 
0419_2 1110 111.476562     8     5  2.05217914e+00 -4.20570949e-08 -4.46248190e-01 1.00490788e+00 1.224723e+01 14 850567 810997 6 1084865 1026137 19 860718 853873 11 901496 715584 8 24314704 4360880 
0420_1 0101 111.718750     8     5  2.75736218e+00 -5.65225647e-09 7.86299001e-01 2.28677478e-01 1.175354e+01 19 817699 811267 6 1017852 956480 11 901076 704671 5 861178 843311 2 1015752 1003858 
0420_2 1110 111.718750     8     5  1.67535871e+00 -2.07633696e-08 -1.09676976e+00 2.71120134e+00 1.259556e+01 11 963967 729168 8 5399261 1756591 2 1019743 1007148 5 849096 832522 3 926645 902195 
0421_1 1010 111.960938     8     5  1.86406084e+00 -8.39789535e-08 5.57531964e-01 7.65606130e-01 1.155923e+01 2 994474 981589 6 950100 903034 3 898134 875187 8 5797447 2173272 19 787874 781811 
0421_2 0101 111.960938     8     5  2.51621392e+00 -8.85103940e-08 -7.28097270e-01 4.66673370e-01 1.215557e+01 6 962166 913766 5 825157 808769 19 792496 786535 11 859029 679657 3 896990 874889 
0422_1 1100 112.203125     8     5  2.43302442e+00 -6.27187765e-08 4.30712195e-01 2.23857588e+00 1.203682e+01 3 1057303 1028880 8 4292172 1804714 14 966359 921945 6 1148165 1080513 11 1024268 807876 
0422_2 0100 112.203125     8     5  5.98678208e-01 -7.46553438e-08 -1.32516774e+00 2.08608741e+00 1.185410e+01 19 960693 952995 6 1124807 1065897 14 977805 930309 5 984977 964626 3 1047737 1020815 
0423_1 1001 112.445312     8     5  2.27967093e+00 -8.49021789e-08 1.06483863e+00 2.75150223e+00 1.201843e+01 2 956016 945201 19 799035 792958 11 849978 667832 14 829687 790809 8 4506752 2068030 
0423_2 0101 112.445312     8     5  2.23305728e+00 -8.67215797e-08 -9.81701187e-01 5.05488204e-01 1.163014e+01 2 959871 948977 11 857948 674638 5 837078 820790 8 8852545 2927198 6 970404 924173 
0424_1 0101 112.687500     8     5  2.76838490e+00 4.10805071e-09 5.39572186e-01 2.59693745e+00 1.240552e+01 8 7804808 2651301 14 815831 777089 3 880219 859001 6 921546 878516 19 812327 806098 
0424_2 1111 112.687500     8     5  1.65043464e+00 -1.12215913e-07 -7.56797920e-01 1.89465522e+00 1.206755e+01 14 823768 785138 19 804223 798289 5 838026 821066 3 863994 842408 8 24403189 3463719 
0425_1 0000 112.929688     8     5  1.81346384e+00 -7.16175756e-08 5.73584561e-01 2.35070331e+00 1.190187e+01 8 3522415 1556241 6 985157 932489 19 820068 813524 3 882216 860034 5 850512 833158 
0425_2 1111 112.929688     8     5  2.57009550e+00 2.36020073e-09 -1.27276249e+00 9.88279857e-01 1.199749e+01 14 843361 801269 19 820660 814596 3 890772 868000 8 6067770 1987478 5 862509 843900 
0426_1 1100 113.171875     8     5  2.26796810e+00 -1.17393632e-08 5.15205379e-01 2.35458579e+00 1.218812e+01 19 961384 953832 3 1050846 1024144 14 964810 920718 8 4955607 2583157 5 1023784 1002527 
0426_2 1110 113.171875     8     5  2.28718500e+00 -8.14347819e-08 -1.07667242e+00 1.24647981e+00 1.210777e+01 19 955411 947938 5 1018551 996998 8 13888827 3783462 11 1000985 796985 6 1174505 1111803 
0427_1 1001 113.414062     8     5  5.97795701e-01 -3.62701944e-08 1.63565484e-01 1.79684551e+00 1.170720e+01 3 904049 879781 14 838882 800088 5 853293 837032 11 843647 671240 8 6269203 2242374 
0427_2 0101 113.414062     8     5  2.80977620e+00 -3.32793456e-10 -5.21629682e-01 1.94655667e+00 1.217901e+01 14 853820 811732 19 799449 793415 8 19693038 3528200 2 965039 953722 5 853703 837194 
0428_1 0011 113.656250     8     8  3.15287170e-01 -2.15473145e-08 3.33122124e-01 2.22406078e+00 3.253723e+01 6 1147225 1093886 5 1035015 1014216 11 23621897 1413848 2 11971950 2174026 3 10098332 1833701 8 187184089 13891456 14 20848923 1923733 19 24537495 3087240 
0428_2 1011 113.656250     8     8  3.01259664e-01 -1.23116787e-08 -1.11862265e+00 2.56936476e+00 5.148114e+01 11 22089900 1300850 19 21771322 3483236 14 24187833 2148253 6 1155815 1099164 3 16471010 2216912 5 1030150 1009221 2 17872824 2481664 8 382592976 16828962 
0429_1 0110 113.898438     8     5  2.61986275e+00 -5.64494705e-08 3.48789439e-01 1.44879233e+00 1.197438e+01 8 8095742 2710468 11 840694 668986 2 969695 957654 14 828368 788676 6 977112 928287 
0429_2 1000 113.898438     8     5  2.50028860e+00 -4.64518749e-08 -1.17185220e+00 1.55738944e+00 1.198294e+01 6 999187 947669 14 831341 791589 11 842909 667437 5 870075 851728 2 959204 947680 
0430_1 0011 114.140625     8     5  2.78075715e+00 -1.37715653e-08 8.70579015e-01 8.43862945e-01 1.230590e+01 6 1128266 1076590 11 1037774 811738 8 9241410 2479326 19 967704 960421 14 996436 948077 
0430_2 0100 114.140625     8     5  2.42265701e+00 -6.66834997e-08 -4.93827179e-01 8.29536250e-01 1.192843e+01 8 16019263 3454764 5 1031873 1010910 11 1042815 817981 14 985299 939199 2 1117712 1105324 
0431_1 0110 114.382812     8     5  2.24318344e+00 -4.02915534e-08 4.11507953e-01 2.22279425e+00 1.247212e+01 2 960817 949887 6 1013616 957371 8 4238181 1751198 5 870493 852915 14 849864 808043 
0431_2 1011 114.382812     8     5  1.98051634e+00 -1.83147516e-08 -1.16212616e+00 2.60449357e+00 1.190029e+01 5 870334 852249 3 905802 882454 11 819395 650549 14 841650 799020 8 3884883 1588342 
0432_1 1010 114.625000     8     5  1.81854922e+00 -9.98706978e-08 4.25898944e-01 1.35930077e+00 1.190880e+01 3 1087883 1058741 2 1147737 1134490 8 13703750 3986342 11 1019597 796966 6 1175813 1121955 
0432_2 1000 114.625000     8     5  6.68734484e-01 3.36132807e-09 -5.08168422e-01 7.98080851e-01 1.228097e+01 2 1169596 1155344 8 43432650 5621149 3 1093636 1064311 5 1039794 1019126 6 1190015 1134699 
0433_1 1010 114.867188     8     5  9.07541914e-01 -1.09104355e-08 1.05750449e+00 1.05054940e+00 1.211347e+01 5 1090746 1065786 19 980224 972667 11 1032932 819987 14 1024053 970724 8 2444810 1795353 
0433_2 1110 114.867188     8     5  1.52391043e+00 -3.12840746e-08 -4.53513588e-01 2.64279137e+00 1.204861e+01 11 1035446 821891 3 1125437 1092394 6 1176317 1124252 5 1096411 1070508 2 1108713 1096873 
0434_1 1001 115.109375     8     5  8.07585243e-01 -7.89819337e-08 8.14454934e-01 2.42347651e+00 1.225938e+01 2 1156398 1143395 8 4268843 1944330 5 1075896 1053122 19 961661 954801 6 1187934 1124914 
0434_2 1010 115.109375     8     5  2.75769578e+00 -4.19673312e-08 -9.88330729e-01 2.45326507e+00 1.162863e+01 11 1018636 806864 6 1207253 1136149 19 959918 952718 8 4730779 2094723 5 1071142 1048057 
0435_1 1101 115.351562     8     5  1.11734977e+00 -8.14868971e-08 6.82703766e-01 2.37718631e+00 1.187849e+01 8 5345500 2615218 3 939635 914416 2 951787 941527 14 837819 797119 6 1001527 946021 
0435_2 1110 115.351562     8     5  2.76753143e+00 -1.87404631e-08 -1.24768977e+00 1.03893729e+00 1.199733e+01 11 882684 697027 3 934247 908807 14 834055 793840 8 21349986 4241513 6 1035314 972257 
0436_1 1000 115.593750     8     5  1.17432997e+00 -3.46131044e-08 9.41568875e-01 3.00931190e-01 1.323031e+01 8 20225833 2957005 14 1030818 977070 2 1108519 1097105 11 1055429 826766 6 1220253 1160466 
0436_2 1011 115.593750     8     5  1.29188874e+00 -1.02019521e-07 -6.59049738e-01 1.77075343e+00 1.181825e+01 6 1219638 1157663 8 24455390 3159396 3 1150321 1117974 14 1018803 967477 5 1069917 1045808 
0437_1 1110 115.835938     8     5  1.73307858e+00 3.33646034e-09 4.70586768e-01 1.50197379e+00 1.221724e+01 14 1027923 976408 5 1062745 1041985 6 1173588 1116167 11 1028002 812055 19 1004228 996383 
0437_2 0111 115.835938     8     5  1.40020528e+00 -3.13070197e-08 -7.57979030e-01 1.77736020e+00 1.197658e+01 14 1015711 965050 5 1048397 1028100 11 1034576 813454 19 1015042 1006945 6 1184927 1125530 
0438_1 0110 116.078125     8     5  6.79515836e-01 -8.37406054e-08 1.23223404e+00 1.54326469e+00 1.187138e+01 5 1072765 1049669 6 1256206 1184622 14 1044098 988482 2 1129630 1117656 11 1212520 919406 
0438_2 0010 116.078125     8     5  3.83773252e-01 -1.12155959e-07 -4.09598796e-01 1.72602313e+00 1.189552e+01 5 1057581 1036092 8 21773792 3739428 3 1096667 1067562 6 1245482 1179745 2 1144638 1131455 
0439_1 0100 116.320312     8     5  1.28631063e+00 -4.59989757e-08 7.59791917e-01 2.11337759e-01 1.181281e+01 8 25099141 2674602 3 736004 716546 2 740364 733151 11 710817 559101 5 705669 692292 
0439_2 0110 116.320312     8     5  7.07629175e-01 -9.22738725e-10 -1.21473463e+00 1.49910853e+00 1.259482e+01 14 712299 673955 2 741744 734455 3 744144 724087 5 713374 699511 8 37958233 3988776 
0440_1 1000 116.562500     8     5  2.22925076e+00 -2.91731976e-08 8.54399797e-01 7.62750516e-01 1.227707e+01 8 33073117 3449068 11 1066648 826156 2 1113922 1102237 3 1116014 1086573 14 1050578 996501 
0440_2 1101 116.562500     8     5  2.46416945e+00 -4.98182228e-08 -1.01682515e+00 1.91449907e+00 1.177047e+01 14 1040656 988499 8 44675775 4232639 5 1045394 1025567 6 1194793 1136650 3 1105791 1077132 
0441_1 1100 116.804688     8     5  1.54936940e+00 5.06137780e-09 7.76342556e-01 2.28373961e+00 1.210590e+01 5 882974 865912 11 841574 661097 19 830444 824270 8 8465794 2897837 2 959629 949319 
0441_2 0100 116.804688     8     5  3.55991622e-01 -1.03885988e-07 -2.81986706e-01 7.31007091e-01 1.184088e+01 3 914855 890553 6 1002113 953652 5 889769 872077 8 27590899 4096264 2 956965 946296 
0442_1 1101 117.046875     8     5  1.68780039e+00 -8.88433660e-08 8.53564172e-01 3.42641434e-01 1.199471e+01 14 1074410 1018499 2 1150814 1138032 19 995284 988119 3 1117954 1089001 5 1045809 1025753 
0442_2 0111 117.046875     8     5  1.69052728e+00 -8.23106946e-08 -5.74316772e-01 4.76017316e-01 1.250199e+01 19 1010519 1002681 8 11423651 3103509 6 1173156 1111718 3 1102246 1073606 2 1151840 1139068 
0443_1 1010 117.289062     8     5  4.50957170e-01 -6.49603205e-08 6.12639680e-01 2.13730285e+00 1.163233e+01 3 912977 889084 6 982490 935714 8 6944625 2440623 14 854242 813124 11 840416 665392 
0443_2 0100 117.289062     8     5  2.09621111e+00 -3.38051273e-08 -5.01783634e-01 7.13300526e-01 1.189587e+01 11 839579 665350 19 898937 891927 14 858667 816047 5 898899 880230 8 10138617 3124546 
0444_1 0100 117.531250     8     5  2.34593534e+00 -2.22276752e-08 6.40354906e-01 1.67110709e+00 1.201476e+01 2 1159973 1147186 3 1109243 1080507 5 1101641 1078283 6 1255327 1191694 19 1016651 1009165 
0444_2 1101 117.531250     8     5  1.48724409e+00 -4.75103431e-08 -6.82951344e-01 2.24316011e+00 1.212623e+01 11 1083995 844573 6 1263556 1200867 2 1169189 1156571 5 1068465 1047891 19 1034286 1026257 
0445_1 0111 117.773438     8     5  2.34438253e+00 -1.08047896e-07 1.18839010e+00 3.87550347e-01 1.226108e+01 19 1014383 1007033 5 1094002 1071803 2 1144312 1132030 8 5160998 2254802 3 1114255 1084815 
0445_2 1110 117.773438     8     5  2.54966071e+00 -7.75358234e-08 -3.94848887e-01 1.08537011e+00 1.267059e+01 6 1188316 1133899 11 1087971 852042 14 1072172 1016741 8 5994363 2525110 2 1117414 1105988 
0446_1 1101 118.015625     8     5  2.67689743e+00 1.21014512e-09 2.25170289e-01 1.80880323e+00 1.334520e+01 19 1032176 1023702 8 39051565 2998803 6 1298286 1192532 2 1183993 1170520 14 1073863 1017080 
0446_2 0101 118.015625     8     5  2.51302545e+00 -6.79158940e-08 -2.34233009e-01 8.65010914e-01 1.245932e+01 6 1309091 1199946 8 38785806 3038595 2 1190849 1177791 14 1066539 1013074 5 1091008 1068417 
0447_1 1110 118.257812     8     5  2.53935032e+00 -9.82008621e-09 5.89747642e-01 2.08355516e+00 1.224384e+01 8 5460059 2189556 5 1057133 1036535 14 1053058 999774 3 1102941 1073829 2 1173341 1159974 
0447_2 1011 118.257812     8     5  8.33369039e-01 -6.07780788e-08 -6.72870688e-01 3.89960688e-01 1.187454e+01 5 1065471 1044287 14 1042793 990811 8 9130208 2866861 6 1216025 1150918 2 1149353 1136696
