0521_1 1010 136.179688     8     5  2.36919729e+00 -8.61620666e-08 7.58876135e-01 9.93549015e-01 1.203771e+01 11 1385526 1100824 5 1298331 1269452 3 1408899 1370102 8 13606780 3310130 6 1432338 1370363
0521_2 1010 136.179688     8     5  1.64572426e+00 -1.44006026e-08 -7.94502064e-01 2.94779940e+00 1.222318e+01 6 1435785 1375053 14 1267451 1208447 8 15349088 3545114 5 1293248 1265003 2 1538995 1521180
0522_1 0100 136.421875     8     6  3.38070942e-01 -2.41277972e-08 1.33237325e+00 8.68205610e-01 1.259360e+01 19 1427518 1415459 8 9026649 3289373 11 1412489 1132144 3 1545519 1505010 14 1439893 1370048 2 1669038 1650463
0522_2 1110 136.421875     8     5  1.49278997e+00 -5.84942631e-08 -6.41429306e-02 1.55539828e+00 1.273826e+01 11 1452384 1155213 19 1402224 1391273 3 1527511 1488776 8 11710149 3886006 14 1432778 1363906
0523_1 1011 136.664062     8     5  2.38212257e+00 -1.05538925e-07 6.84162766e-01 2.69547843e+00 1.211895e+01 11 1229810 961553 6 1434567 1367154 2 1441039 1422908 3 1317073 1281975 8 25300131 5072994
0523_2 1110 136.664062     8     5  2.72546128e+00 -2.21856970e-08 -7.20590395e-01 2.36679632e+00 1.279446e+01 14 1189064 1131815 19 1155961 1146974 8 68631386 6662073 2 1415430 1399357 6 1437284 1371559
0524_1 1011 136.906250     8     5  2.50613437e+00 -4.80619464e-08 9.44225666e-01 6.36418022e-01 1.176237e+01 19 1409562 1397665 8 8297269 3709260 5 1456137 1426031 11 1439176 1147753 14 1429089 1360750
0524_2 1001 136.906250     8     5  2.77645943e-01 -2.39888774e-09 -1.00605062e+00 7.80926979e-01 1.214130e+01 14 1436103 1365050 19 1421869 1409525 8 11007969 4110358 3 1600446 1556205 6 1693101 1617146
0525_1 0011 137.148438     8     5  3.60362995e-01 -6.65045603e-08 2.10170143e-01 2.12975432e+00 1.277746e+01 5 1506622 1472615 2 1699188 1678183 3 1539131 1498500 8 31616045 3628482 6 1745763 1658092
0525_2 1101 137.148438     8     5  2.58787204e+00 -7.95477255e-08 -3.60088124e-01 9.75038503e-01 1.193238e+01 19 1428387 1416895 6 1716780 1632827 8 33696579 3804185 5 1489810 1457598 3 1510113 1472916
0526_1 1010 137.390625     8     5  2.63209342e+00 -6.61272167e-08 8.90318789e-01 2.93177266e+00 1.277016e+01 14 1430995 1363363 3 1581083 1539347 8 8507589 4252737 6 1682802 1611546 11 1440330 1156543
0526_2 0100 137.390625     8     5  1.41930549e+00 -8.86709143e-08 -5.31624738e-01 8.95515114e-01 1.180629e+01 2 1710302 1691020 6 1684875 1614687 3 1569735 1530172 8 29711198 6487706 5 1476338 1446956
0527_1 0010 137.632812     8     5  2.79107721e+00 -3.39101832e-09 1.34098183e+00 1.45910173e+00 1.215164e+01 14 1497790 1419479 8 6414702 3207072 11 1499145 1195595 2 1708673 1688288 5 1458379 1430166
0527_2 1111 137.632812     8     5  2.45100219e+00 -7.76989178e-08 -2.97417307e-01 1.64045026e+00 1.183440e+01 5 1458231 1428735 2 1720814 1699801 8 12576746 3921160 19 1420932 1409680 14 1506433 1428791
0528_1 1011 137.875000     8     5  1.81373768e+00 -1.16638238e-07 5.88413835e-01 8.15766839e-01 1.207505e+01 3 1617513 1574334 8 7697439 3050516 6 1698477 1617629 19 1422239 1410836 11 1513385 1206079
0528_2 1010 137.875000     8     5  2.22956255e+00 -8.49673670e-08 -1.30848738e+00 2.36487408e+00 1.190827e+01 2 1749494 1728185 6 1714144 1631580 19 1427160 1416465 8 6797078 3088430 14 1443868 1375210
0529_1 0010 138.117188     8     5  1.71609625e+00 -1.18366341e-07 3.80690521e-01 1.07650643e+00 1.199283e+01 8 6647093 3107384 5 1510684 1479322 6 1687324 1610298 11 1475811 1188535 2 1716873 1696554
0529_2 0101 138.117188     8     5  2.57975878e+00 -4.30534845e-08 -3.93218777e-01 2.91063820e+00 1.185811e+01 2 1735882 1714184 8 6168709 3167411 6 1702317 1623609 19 1438779 1426842 14 1454371 1383025
0530_1 0010 138.359375     8     5  1.71319343e+00 3.07672514e-10 1.42158292e+00 2.35828478e+00 1.183859e+01 11 1498437 1196867 19 1477705 1465806 8 5135636 2751089 5 1500272 1468824 2 1757543 1736367
0530_2 1011 138.359375     8     5  1.48604917e+00 -9.73373799e-10 -7.91984433e-01 2.77005013e+00 1.202118e+01 6 1675621 1606708 3 1583398 1542744 5 1498428 1467727 8 7742534 3427541 11 1513336 1205609
0531_1 0001 138.601562     8     5  7.68870725e-01 -4.01859622e-08 2.96982270e-01 1.79053493e+00 1.197332e+01 2 1767573 1746029 6 1727196 1652766 5 1510049 1478041 8 14566984 4094692 19 1429919 1418388
0531_2 1111 138.601562     8     5  1.14174662e+00 -1.99189041e-08 -9.68950754e-01 2.91422783e-01 1.222537e+01 14 1483957 1411116 19 1419554 1408402 6 1755567 1677963 5 1510103 1478683 11 1532595 1217634
0532_1 1000 138.843750     8     5  1.75215783e+00 -3.30092768e-08 1.18505893e+00 1.39570176e+00 1.206659e+01 3 1583516 1543650 19 1455941 1444507 6 1724453 1649725 11 1521932 1222166 8 5521908 3051309
0532_2 0111 138.843750     8     5  1.90865668e+00 -9.23243496e-08 -1.00345146e+00 1.70668362e+00 1.227009e+01 11 1543220 1233107 5 1472797 1443130 19 1481721 1469204 2 1745059 1723569 8 7282497 3452104
0533_1 0001 139.085938     8     5  2.05623567e+00 -1.20428810e-07 9.47281822e-01 1.13032521e+00 1.178153e+01 5 1431607 1401358 2 1681116 1660184 8 5166382 2744772 3 1535212 1495421 14 1410870 1339376
0533_2 1111 139.085938     8     5  2.51164875e+00 -3.18622365e-08 -8.40714542e-01 1.78439402e+00 1.184385e+01 11 1615141 1236873 8 5827944 3014742 5 1423040 1392852 19 1335856 1325455 3 1520321 1482055
0534_1 1101 139.328125     8     5  1.45264892e+00 -9.03763274e-09 7.19792282e-01 2.85600163e+00 1.231557e+01 8 44517224 4961060 6 1723779 1640351 14 1492057 1415641 2 1801817 1777622 3 1624669 1580800
0534_2 1101 139.328125     8     5  1.41400221e+00 -5.94602586e-08 -3.21067503e-01 2.42698824e+00 1.208181e+01 6 1715283 1634224 2 1768034 1745005 3 1623463 1582463 19 1445046 1433574 8 60697213 6219379
0535_1 1100 139.570312     8     5  3.58169352e-01 -4.78514133e-10 6.00886292e-01 2.33231555e+00 1.183473e+01 3 1628430 1586210 8 27494658 5337844 5 1504526 1475915 2 1752344 1731921 19 1482063 1470165
0535_2 1001 139.570312     8     5  1.44434140e+00 -1.02863187e-08 -9.36954625e-01 1.41240153e+00 1.219330e+01 3 1618586 1577302 5 1531056 1499811 6 1749819 1673546 8 55512428 6979587 14 1516174 1440580
0536_1 1100 139.812500     8     5  1.62722361e+00 -3.38832975e-08 5.06829499e-01 2.27198959e+00 1.227219e+01 6 1770152 1684557 2 1769805 1748063 19 1485572 1473940 14 1519527 1444983 3 1638704 1596052
0536_2 1000 139.812500     8     5  2.21229200e+00 -6.44333476e-08 -9.60334289e-01 5.43540471e-01 1.200555e+01 5 1532541 1500240 11 1549945 1239279 8 5204415 2825033 2 1760586 1739713 19 1488044 1476090
0537_1 1010 140.054688     8     8  2.46828205e+00 -3.28191467e-09 1.14611696e+00 2.06384153e+00 2.601521e+01 11 9664846 1641067 6 3767214 2022119 5 2634100 1763117 14 4083994 1747263 2 5285397 2484210 3 2677606 1894087 8 7049703 3244940 19 12086938 3067833
0537_2 0001 140.054688     8     8  2.47492167e+00 3.98327995e-09 -9.81744783e-01 1.60524201e+00 2.474983e+01 19 20836263 4505415 5 2881360 1916695 11 18521016 1719951 3 2867865 2035878 6 5125666 2239978 2 6898479 3124590 8 9052433 3667189 14 6192520 2069943
0538_1 1110 140.296875     8     6  6.38431468e-01 -1.02557879e-08 6.09753309e-01 2.08864811e+00 1.316672e+01 14 1512729 1438546 19 1487708 1475873 2 1873431 1848670 8 13167988 4219484 3 1681259 1635921 5 1598565 1562440
0538_2 0001 140.296875     8     5  2.75926165e+00 -2.68460212e-08 -1.89185509e-01 1.89057756e+00 1.235874e+01 19 1518740 1506111 3 1645377 1604530 6 1883243 1772736 8 21654435 4865310 14 1512301 1436096
0539_1 1011 140.539062     8     5  2.39463106e+00 -1.20401108e-08 1.25880141e+00 1.01181437e+00 1.198487e+01 14 1519606 1445553 8 26616175 5511615 11 1558244 1245084 5 1545025 1514239 19 1476473 1464763
0539_2 1101 140.539062     8     5  2.50001374e+00 -6.91195447e-08 -3.39143785e-01 7.26486552e-01 1.279123e+01 3 1631907 1590186 6 1717752 1637043 8 68324857 7089171 14 1520239 1447524 2 1817508 1795462
0540_1 0110 140.781250     8     5  8.54654730e-01 -1.10479496e-07 6.12172542e-01 4.95314814e-01 1.197405e+01 2 1825365 1804160 3 1700927 1656814 19 1529912 1516593 8 22293890 5745656 6 1859256 1776757
0540_2 0001 140.781250     8     5  5.03524975e-01 -1.09805196e-07 -3.26548191e-01 8.93650514e-01 1.220552e+01 6 1863803 1779305 8 61296437 6761413 14 1502635 1430754 2 1847239 1822666 3 1700789 1655575
0541_1 0010 141.023438     8     5  2.10048496e+00 -8.26104083e-08 1.13252284e+00 2.16343304e+00 1.223956e+01 14 1514745 1441607 5 1574244 1542480 11 1607523 1280888 3 1702277 1660277 2 1813827 1791890
0541_2 1111 141.023438     8     5  2.00600655e+00 -1.59346602e-08 -9.31788360e-01 2.28970723e+00 1.209327e+01 19 1452109 1441101 2 1856585 1832482 11 1587524 1267194 5 1577691 1544862 8 6635019 2751776
0542_1 1000 141.265625     8     5  1.41564711e+00 -4.24411963e-08 1.07173063e+00 1.32993612e+00 1.214681e+01 3 1544461 1506621 14 1435011 1366820 2 1658445 1639303 19 1391777 1381264 8 6759520 3098822
0542_2 0001 141.265625     8     5  2.02084000e+00 -6.37621794e-08 -4.72357178e-01 2.48829377e-01 1.175170e+01 2 1688979 1667621 5 1484986 1452428 19 1418711 1407063 3 1559654 1520106 8 6439048 3156760
0543_1 0011 141.507812     8     5  1.46448338e+00 -5.91389837e-08 1.15423748e+00 1.50299559e+00 1.216156e+01 8 6317605 3052283 5 1565734 1532403 11 1582398 1269031 19 1475853 1463647 3 1691678 1646912
0543_2 1010 141.507812     8     6  1.55121007e+00 -1.10279763e-09 -7.82689393e-02 1.09141154e+00 1.322707e+01 2 1826306 1803500 8 6350731 3157597 5 1549211 1519210 6 1890995 1791315 3 1695710 1652032 14 1590472 1510438
0544_1 0110 141.750000     8     5  6.28482126e-01 -6.56384929e-08 5.47455751e-01 2.08717413e+00 1.193255e+01 2 1773053 1752868 3 1672577 1629433 6 1837276 1755961 8 9134539 3721269 14 1550632 1476117
0544_2 1101 141.750000     8     5  8.68952975e-01 -7.43200568e-09 -3.53692736e-01 1.34969361e+00 1.182970e+01 2 1808550 1786998 6 1832097 1752125 5 1624864 1590225 8 27627185 4794093 11 1628099 1288603
0545_1 0000 141.992188     8     5  6.56178468e-01 -1.26886361e-08 3.23834690e-01 1.24138991e+00 1.231205e+01 3 1672642 1627894 8 36657541 4100277 2 1837926 1815112 5 1556989 1523569 6 1855021 1766797
0545_2 0101 141.992188     8     6  2.36319467e+00 -9.07627034e-08 -1.13980630e+00 2.24476866e+00 1.302273e+01 5 1539567 1508344 19 1487527 1475052 2 1802521 1780082 11 1547996 1237908 6 1855724 1767416 8 41659597 5166293
0546_1 0010 142.234375     8     6  5.97686401e-01 -4.25009500e-08 4.13294362e-01 2.56064432e+00 1.253652e+01 2 1878445 1853973 3 1731387 1687554 6 1825473 1747521 14 1563774 1489185 11 1579850 1265640 8 14640009 4479202
0546_2 1100 142.234375     8     5  1.75108323e+00 -9.95202474e-08 -1.07403166e+00 1.57358624e+00 1.218444e+01 5 1581626 1549444 19 1482687 1471321 3 1724590 1680521 2 1862790 1839780 8 40379986 6137560
0547_1 1011 142.476562     8     5  1.83570663e+00 -1.47685425e-08 1.24344349e+00 4.22563427e-01 1.176653e+01 3 1543700 1504268 19 1341164 1330446 2 1679566 1658472 8 5489219 2806366 11 1518784 1185157
0547_2 1101 142.476562     8     5  2.41303508e+00 -1.09991915e-07 -7.56099268e-01 1.53768427e-01 1.215243e+01 2 1644321 1624789 8 5606666 2900220 11 1494281 1176363 3 1537569 1499415 6 1625062 1549974
0548_1 0011 142.718750     8     5  2.32091992e+00 -7.73303252e-09 1.63630609e-01 2.03758760e+00 1.212040e+01 19 1535158 1523039 11 1716432 1364487 8 10290938 3424156 14 1595186 1514625 6 1824860 1740964
0548_2 0001 142.718750     8     5  1.25997154e+00 -1.54078443e-08 -4.49835740e-01 1.60885044e-01 1.203963e+01 19 1529067 1516878 2 1892576 1867230 8 8993254 3379399 3 1728006 1682892 11 1834924 1387887
0549_1 0110 142.960938     8     5  2.06157076e+00 -2.13510190e-08 1.21758070e+00 3.10861140e-01 1.205530e+01 6 1844012 1764602 11 1689039 1339378 14 1548070 1474121 8 22331643 4444876 19 1562452 1549572
0549_2 0111 142.960938     8     6  1.84427027e+00 -4.07185367e-08 -7.84280484e-01 4.76904180e-01 1.304047e+01 6 1825743 1748602 19 1576753 1563091 8 33599441 5806765 14 1549205 1475766 3 1713752 1670868 11 1735003 1368513
0550_1 1111 143.203125     8     5  2.09843552e+00 1.08429498e-09 5.43075608e-01 2.03842567e+00 1.214882e+01 3 1720755 1675618 14 1585183 1506303 5 1637943 1603505 6 1899553 1812396 8 8700585 3878841
0550_2 0111 143.203125     8     5  2.56053802e+00 -1.24738960e-08 -2.04109204e-01 7.42121665e-01 1.191353e+01 6 1917207 1822777 5 1620781 1586759 8 14872538 4542947 2 1876751 1853277 14 1590808 1514603
0551_1 0101 143.445312     8     5  1.55611692e+00 -1.36441869e-08 2.11013046e-01 2.16339048e+00 1.207527e+01 14 878213 835558 6 1091985 1034502 2 1079328 1066379 3 971835 947322 19 890893 884147
0551_2 1100 143.445312     8     5  1.16094703e+00 -1.11535157e-07 -1.38295695e+00 2.02416214e+00 1.167470e+01 11 878910 721457 3 995126 969668 19 896195 889641 6 1090667 1039419 5 921771 902860
0553_1 0011 143.929688     8     5  2.34213482e+00 -1.15748797e-08 5.60602608e-01 8.01437862e-01 1.193973e+01 2 974859 961476 14 707925 671528 3 823339 803256 8 3296419 1687412 19 666803 661466
0553_2 0000 143.929688     8     5  2.31403347e+00 -3.04189523e-08 -6.59114427e-01 7.74803919e-01 1.225762e+01 3 832316 811011 8 5574560 2058546 2 973491 960699 6 858847 818941 5 753294 737265
0554_1 1100 144.171875     8     6  1.47965715e+00 -4.94322364e-08 4.09607511e-01 1.23199103e+00 1.254038e+01 3 1510345 1473763 19 1422896 1412414 14 1453303 1381857 5 1493749 1463455 6 1705684 1632129 8 38350742 4543264
0554_2 0000 144.171875     8     5  1.79159681e+00 -5.30742902e-08 -1.06315785e+00 2.87586933e+00 1.275231e+01 3 1510821 1474477 8 46564690 5818046 19 1430247 1418860 11 1560740 1248204 2 1676549 1656795
0555_1 1101 144.414062     8     5  4.77868421e-01 -7.22293559e-09 1.15571149e+00 2.87877731e+00 1.187189e+01 14 1637907 1555969 5 1695403 1659848 6 1964968 1875983 8 34857354 5416821 19 1560831 1548534
0555_2 0100 144.414062     8     5  2.34879800e+00 -7.46326350e-08 -1.14776530e+00 1.49259548e+00 1.293846e+01 8 56960439 7056206 19 1570343 1557735 5 1680960 1645863 3 1720928 1677491 14 1636989 1558035
0556_1 0011 144.656250     8     5  4.38690499e-01 -2.60428826e-08 9.44150090e-01 2.79320914e+00 1.172800e+01 8 7275668 4005550 2 1838200 1815923 11 1601026 1281948 6 1874644 1790749 14 1551126 1477512
0556_2 0000 144.656250     8     5  2.32186428e+00 -2.52893503e-08 -8.61131519e-01 2.29469525e+00 1.170491e+01 5 1626269 1593045 2 1857452 1835353 8 23875839 5529598 11 1565121 1262395 19 1567719 1555462
0557_1 1100 144.898438     8     5  2.81018129e+00 -1.93386750e-09 1.30856399e-01 1.92282395e+00 1.217422e+01 19 1557842 1545595 6 1887054 1809046 3 1723310 1678796 5 1681454 1646229 8 8663772 4439061
0557_2 0011 144.898438     8     5  1.18967818e+00 -4.82809547e-08 -5.63094897e-01 4.86114838e-01 1.202235e+01 5 1667343 1633224 8 28097192 6964187 14 1580678 1504104 2 1887080 1864188 6 1890871 1811536
0558_1 1111 145.140625     8     5  7.35547400e-01 -4.36779662e-08 1.11314925e+00 7.10627073e-01 1.238259e+01 6 2027293 1919340 19 1605644 1592579 3 1755782 1711131 8 39902015 4308778 5 1664700 1629296
0558_2 1110 145.140625     8     5  6.92849626e-01 -6.28811412e-10 -7.62872634e-01 2.55863010e+00 1.241055e+01 5 1653395 1619212 6 2046029 1933342 19 1604964 1591835 3 1756754 1713695 8 42372386 4602934
0559_1 0001 145.382812     8     5  1.14016832e+00 -4.96002974e-09 1.15476687e+00 1.15486239e+00 1.216046e+01 11 1552506 1238916 19 1404374 1393449 8 6771555 3739062 14 1471824 1400876 2 1816786 1794207
0559_2 0100 145.382812     8     5  1.06356066e+00 -6.55662865e-08 -5.55229184e-01 1.90751934e+00 1.214774e+01 11 1561861 1243217 14 1487369 1416492 5 1542905 1510076 19 1422647 1412133 6 1825240 1746259
0560_1 1110 145.625000     8     5  2.15396692e+00 -1.19715621e-07 7.84122573e-01 2.83974920e+00 1.207705e+01 19 1585236 1573056 14 1594561 1521848 6 1973497 1883030 11 1776364 1415704 8 5359027 3080765
0560_2 1101 145.625000     8     5  1.28265596e+00 -1.03475295e-07 -4.45404144e-01 1.02315275e+00 1.181762e+01 11 1774581 1415697 2 1950733 1924962 8 7308911 3673107 3 1774181 1727950 19 1578844 1566226
0561_1 0100 145.867188     8     5  2.57958565e+00 -3.32443875e-08 1.32479211e+00 7.67528339e-01 1.211722e+01 19 1583061 1570979 2 1944570 1920619 14 1604997 1530743 8 7978100 3169128 3 1779115 1732647
0561_2 1010 145.867188     8     5  1.67644483e+00 -5.68907352e-08 -1.18846148e+00 2.70446822e+00 1.167792e+01 6 2044271 1946574 2 1928962 1906262 5 1670693 1637401 8 7527070 3216832 3 1771892 1727452
0562_1 0001 146.109375     8     8  7.56389856e-01 -9.63041514e-08 3.35317919e-01 1.29898612e+00 1.641505e+01 11 2529344 1498642 8 46000903 6346153 19 1827692 1745510 6 2026870 1929137 3 1785692 1740129 5 1676790 1643021 2 2182809 2100645 14 2498070 1790873
0562_2 0110 146.109375     8     8  7.44327411e-01 -8.60402593e-08 -1.12104127e+00 1.67406322e-01 3.298134e+01 6 2016864 1924168 19 2028697 1823594 11 2932453 1496828 5 1686836 1647131 14 2735757 1783375 8 70809548 8658529 2 2111426 2056524 3 1794316 1749681
0563_1 1101 146.351562     8     5  1.94223504e+00 -1.81765481e-08 5.76494551e-01 2.83464253e+00 1.237839e+01 19 1600494 1587935 5 1695063 1660859 14 1596273 1521613 3 1736239 1694287 2 1988452 1963521
0563_2 1110 146.351562     8     5  2.27123487e+00 -5.01351653e-08 -9.25367741e-01 6.70404681e-01 1.201861e+01 8 35952013 5163140 2 2018934 1991637 11 1742930 1393060 19 1625890 1612665 14 1599604 1526396
0564_1 0000 146.593750     8     5  4.17190693e-01 -1.64008037e-08 1.41776624e+00 4.44341752e-01 1.193749e+01 11 1754061 1401283 19 1615332 1602433 6 2052137 1946338 8 4955504 3015646 2 1991559 1966507
0564_2 0010 146.593750     8     5  1.60608638e+00 -4.54721290e-08 -6.94508463e-01 2.90332456e+00 1.184751e+01 2 1995275 1970347 5 1673481 1641696 6 2087514 1976576 8 5214772 3052777 11 1808902 1431267
0565_1 0011 146.835938     8     5  2.65963674e+00 -3.05564864e-08 1.15826858e+00 1.65430134e+00 1.172981e+01 2 1959026 1935856 6 2024050 1937537 5 1696472 1663811 11 1757104 1405272 14 1625434 1549517
0565_2 0110 146.835938     8     6  5.85081565e-01 -3.27746744e-08 -1.42404130e+00 1.59276745e+00 1.257655e+01 6 2063292 1969741 14 1610816 1536353 2 1968066 1944237 19 1600781 1588632 8 26197761 5360203 11 1756715 1406783
0566_1 0011 147.078125     8     5  2.03846352e+00 -9.56808286e-08 6.77721835e-01 2.60444297e+00 1.236785e+01 14 1446916 1376374 3 1561857 1522004 5 1457584 1429116 8 5053479 2926487 6 1762749 1675412
0566_2 0111 147.078125     8     5  1.45562996e+00 -5.60088129e-08 -1.01515955e+00 1.27516593e+00 1.224898e+01 6 1758941 1674069 19 1455900 1444225 3 1536804 1499375 8 5072274 2982205 14 1450959 1381229
0567_1 1001 147.320312     8     5  1.63664281e+00 -5.90152985e-08 5.84799663e-01 2.89269742e+00 1.212645e+01 2 1958267 1934147 5 1729944 1693702 14 1664170 1583746 11 1872861 1476247 3 1844259 1796007
0567_2 1111 147.320312     8     5  2.07103691e+00 -4.84960500e-08 -1.17623412e+00 1.57668034e+00 1.191261e+01 6 2071724 1976949 2 1965900 1941923 19 1624925 1612389 8 7361806 3485122 3 1862291 1814746
0568_1 0110 147.562500     8     5  1.87485896e+00 -8.31500789e-09 1.36589653e+00 2.30410305e+00 1.211202e+01 6 1860299 1780153 3 1690785 1644968 2 1888918 1865558 8 4635861 2878420 19 1569010 1556839
0568_2 0110 147.562500     8     5  1.42839122e+00 -5.39679091e-08 -1.11117158e+00 1.04162005e+00 1.207069e+01 3 1676486 1632120 8 5036742 3094899 2 1878359 1855236 5 1653962 1617124 14 1609388 1527751
0569_1 0100 147.804688     8     5  8.82433525e-01 -6.23577103e-08 1.26820409e+00 7.94956410e-01 1.186895e+01 11 1751214 1405539 2 2000781 1976956 14 1686353 1606975 8 15116967 4840178 19 1614134 1601577
0569_2 1100 147.804688     8     5  2.55687110e+00 -7.42969983e-08 -6.15551812e-01 1.01448015e-01 1.203610e+01 14 1703275 1621697 6 1990235 1907221 8 43156839 5968589 5 1705636 1671603 3 1856208 1807633
0570_1 1101 148.046875     8     5  2.33658734e+00 -4.38410999e-08 1.33783962e-01 1.30195217e+00 1.247303e+01 6 1998776 1914458 8 10371596 4377986 14 1702500 1619646 11 1741539 1395024 19 1626760 1614015
0570_2 1001 148.046875     8     5  2.46189594e+00 -1.05819137e-07 -3.23223154e-01 1.76592237e+00 1.196759e+01 5 1749871 1712024 8 20522202 5399781 3 1874334 1824243 6 1988590 1905090 11 1708210 1376667
0571_1 0100 148.289062     8     5  1.48477025e+00 -1.05949030e-07 1.34063912e+00 2.64032722e+00 1.232555e+01 14 1740282 1653617 8 45061744 5723978 11 1750263 1400978 2 2042913 2017529 3 1852917 1804332
0571_2 1111 148.289062     8     5  2.74757339e+00 -3.75511731e-08 -9.13109444e-03 1.97123129e+00 1.224644e+01 3 1850021 1802462 14 1743790 1657864 8 68694970 7497119 5 1754643 1718840 19 1639989 1626893
0572_1 1110 148.531250     8     5  1.85811173e+00 -9.59029850e-08 4.21908290e-01 2.53995891e+00 1.185134e+01 8 5123031 3115063 3 1858011 1810075 5 1749885 1715710 14 1730372 1645881 6 2048363 1957377
0572_2 1110 148.531250     8     5  1.70164828e+00 -4.81921001e-08 -6.36890396e-01 2.45254970e+00 1.191860e+01 2 2061243 2034903 11 1700778 1369663 3 1836766 1791375 14 1705394 1624051 19 1658074 1645173
0573_1 0011 148.773438     8     5  2.84844318e+00 6.33455915e-09 9.89569894e-01 2.87228847e+00 1.431381e+01 8 4902920 3005465 19 2300931 1828077 14 2460270 1714356 3 1916036 1865489 5 1745072 1710559
0573_2 0010 148.773438     8     5  2.85657735e+00 -6.82600569e-09 -6.02393352e-01 2.56904184e+00 1.403875e+01 2 2077709 2050427 11 2262316 1464028 14 2518188 1773831 6 2066437 1971054 19 2609502 1910194
0574_1 1111 149.015625     8     5  1.04299816e+00 -9.44594935e-08 4.07053343e-01 1.96279483e+00 1.242583e+01 6 2129970 2028767 8 25460705 4016121 2 2007377 1982703 14 1704048 1623552 3 1874467 1826733
0574_2 0111 149.015625     8     5  9.97941360e-01 -2.18466808e-08 -8.97720841e-01 1.77859346e+00 1.256117e+01 5 1757985 1722051 8 27197019 4337369 3 1879503 1831049 11 1783505 1424234 6 2094343 1998433
0575_1 0111 149.257812     8     5  1.87137535e+00 -4.86012415e-08 3.61145843e-01 1.57588623e+00 1.183401e+01 11 1749137 1404799 14 1747846 1660455 19 1668247 1654570 8 4379148 3181416 3 1872625 1824467
0575_2 0001 149.257812     8     5  1.76182435e+00 2.94960362e-10 -4.86849844e-01 1.40161780e+00 1.219355e+01 19 1653215 1640154 3 1905293 1856322 2 2068233 2041567 6 2038778 1950949 8 6523907 3719119
0576_1 0101 149.500000     8     5  2.03601257e+00 -2.66307336e-09 1.01206887e+00 2.61537226e-01 1.180479e+01 5 1770854 1734988 3 1908951 1858429 11 1774550 1424906 6 2002841 1910598 14 1711963 1629531
0576_2 0110 149.500000     8     6  1.97508293e+00 -7.17558225e-08 -1.01561215e+00 4.39893143e-01 1.290601e+01 8 5943223 3465049 14 1694257 1617609 11 1783008 1427108 19 1693191 1679461 6 2023530 1932975 3 1907875 1859788
0577_1 1111 149.742188     8     5  1.97231963e+00 -7.97199250e-08 4.01210204e-01 1.92598582e+00 1.209837e+01 19 1674551 1661479 6 2068815 1979830 2 2086387 2059165 8 6725295 3446402 3 1924194 1873047
0577_2 0101 149.742188     8     5  2.01277186e+00 -1.57210824e-08 -6.99350448e-01 3.18239414e-01 1.224495e+01 8 9239262 3666503 11 1759637 1415219 5 1760992 1724073 19 1687115 1673253 3 1917776 1866197
0578_1 0001 149.984375     8     6  4.97894666e-01 -3.48397162e-08 3.08914741e-01 1.33522386e+00 1.303123e+01 14 1750109 1665647 8 7115820 4030483 6 2017932 1934538 11 1759804 1407011 3 1847237 1800737 19 1714953 1700905
0578_2 0111 149.984375     8     5  2.12332683e+00 -5.41817823e-08 -7.56776679e-01 4.27752294e-01 1.233528e+01 19 1726193 1711691 8 16370516 5225546 6 2024619 1942223 2 2076803 2050225 3 1845019 1800798
0579_1 1011 150.226562     8     5  1.42657291e+00 -1.16829797e-07 9.38427905e-01 3.05414941e+00 1.235920e+01 8 7549336 3806337 5 1803445 1767526 14 1698453 1620641 6 2072469 1985054 11 1811582 1450856
0579_2 1100 150.226562     8     6  4.16909797e-01 -1.67265602e-08 -9.52483128e-01 2.22276514e+00 1.301596e+01 11 1815537 1455519 14 1712634 1631110 2 2093021 2066025 5 1806344 1770182 6 2075828 1989097 3 1905262 1856456
0580_1 1000 150.468750     8     5  1.23309634e+00 -8.62326270e-09 1.10262871e+00 2.33895448e+00 1.181421e+01 19 1593403 1580582 3 1731937 1686099 11 1670665 1341582 2 1885379 1862895 5 1621662 1589204
0580_2 1001 150.468750     8     5  2.03838629e+00 -1.17780309e-07 -8.56693663e-01 8.35544212e-01 1.237045e+01 11 1704725 1358461 3 1709916 1665777 2 1904288 1878662 6 1984430 1893255 8 9453406 3673370
0581_1 1110 150.710938     8     5  1.88294725e+00 -3.10185030e-08 1.06574567e+00 1.23604193e+00 1.200476e+01 19 1696385 1683583 2 2117964 2091156 5 1779713 1745396 14 1761789 1676799 8 5502664 3216573
0581_2 0010 150.710938     8     5  2.58577214e+00 -4.55785655e-08 -7.47312438e-01 2.93021630e+00 1.206364e+01 6 2037778 1955999 19 1697026 1683947 3 1893990 1846431 11 1820974 1457243 14 1736634 1653670
0582_1 1111 150.953125     8     5  2.01180536e+00 -5.66279833e-08 1.02594634e+00 7.37884031e-01 1.191457e+01 2 2120694 2093604 3 1897570 1849669 8 8536179 4652356 5 1821982 1785431 6 2046161 1958748
0582_2 0111 150.953125     8     5  7.31622246e-01 -5.39085610e-08 -1.31146543e+00 1.11796455e+00 1.202789e+01 14 1765704 1680560 19 1700071 1686816 2 2077232 2053051 8 20511852 6207888 5 1816868 1778953
0583_1 1001 151.195312     8     5  1.98067984e+00 -8.68935466e-08 4.50677874e-01 1.76735969e+00 1.228048e+01 11 1799308 1443200 5 1772843 1738574 19 1782596 1766927 3 1876458 1829701 2 2092735 2066657
0583_2 1010 151.195312     8     5  1.71912435e+00 -9.67043654e-08 -1.31367834e-01 1.17653216e+00 1.249288e+01 8 5772987 3316579 14 1744483 1663024 19 1776725 1761895 2 2118929 2092027 11 1829036 1466824
0584_1 0111 151.437500     8     5  1.96323372e+00 -6.17604433e-08 9.75635435e-01 2.22641679e+00 1.194624e+01 3 1916875 1868430 2 2123898 2096740 8 6168781 3441773 6 2125335 2020509 19 1738641 1724086
0584_2 1011 151.437500     8     5  1.42299948e+00 -1.10435079e-07 -8.88899556e-01 1.73468373e+00 1.236123e+01 2 2079302 2054677 14 1775476 1690798 11 1861772 1492708 3 1887039 1840674 8 6361664 3526991
0585_1 1101 151.679688     8     5  1.72652298e+00 4.04729946e-09 1.08615545e+00 1.94259653e+00 1.208080e+01 2 2174503 2145712 14 1759792 1675454 19 1718968 1705269 5 1826835 1788399 11 1797431 1443475
0585_2 1000 151.679688     8     5  6.28615732e-01 -1.05899683e-07 -1.02268067e+00 2.83887730e+00 1.186034e+01 14 1798583 1710923 8 18729553 4911264 3 1914441 1866312 11 1806568 1445998 5 1830654 1792499
0586_1 1110 151.921875     8     5  2.30392121e+00 -9.89334858e-09 1.55321240e-01 1.57772130e+00 1.213225e+01 6 1692269 1621341 19 1410454 1398917 2 1753163 1730837 8 13797566 4033907 14 1443141 1372154
0586_2 0110 151.921875     8     5  1.56113595e+00 -9.25570532e-09 -4.61578302e-01 6.35129672e-01 1.203267e+01 5 1474970 1443469 8 31313665 5518501 6 1658396 1592664 3 1533979 1496837 2 1720153 1699334
0587_1 0100 152.164062     8     5  2.79782456e+00 -1.16440296e-08 1.34423902e+00 1.30639772e+00 1.196221e+01 19 1750110 1735758 5 1809035 1774114 8 9768405 4468471 2 2187022 2157995 6 2085320 1995987
0587_2 1010 152.164062     8     5  1.29882730e+00 -8.85319146e-09 -7.09570544e-01 2.93630205e+00 1.208015e+01 5 1860528 1823091 6 2079270 1994029 3 1938048 1889555 2 2218295 2188568 14 1806786 1722012
0588_1 0000 152.406250     8     5  1.18542786e+00 -9.69518452e-08 2.02521492e-01 9.35572049e-01 1.185135e+01 3 1853999 1806333 2 2018044 1993121 14 1722137 1639077 5 1740871 1706590 8 8059849 4077570
0588_2 0100 152.406250     8     6  8.31683218e-01 -9.01296877e-08 -1.05590465e+00 7.39273308e-01 1.271282e+01 14 1743682 1656966 19 1700629 1686894 8 25167036 5777522 6 2024884 1935610 11 1749642 1404775 5 1742675 1706951
0589_1 1100 152.648438     8     5  2.52316208e+00 -6.67001058e-08 5.96782072e-01 3.04182647e+00 1.206307e+01 2 2184889 2157035 19 1772517 1757793 8 8677243 3912150 3 1942535 1893251 14 1785680 1700118
0589_2 0001 152.648438     8     5  2.25374770e+00 -5.66235435e-08 -4.33316198e-01 1.93446288e-01 1.228013e+01 14 1798182 1711153 6 2147909 2054309 2 2137535 2111137 8 10471717 4383255 19 1737615 1723809
0590_1 1101 152.890625     8     5  1.32573196e+00 -4.86597778e-08 7.78429122e-01 2.81789359e+00 1.210457e+01 11 1511277 1226080 19 1448257 1436575 8 5211838 3015301 6 1749679 1671807 5 1512902 1479669
0590_2 1101 152.890625     8     5  1.64277790e+00 -1.77567782e-08 -7.78439609e-01 2.53323741e-01 1.248297e+01 6 1713906 1643370 8 5665625 3135017 14 1466755 1395624 3 1577481 1536794 2 1709194 1687064
0591_1 1110 153.132812     8     5  1.22546152e+00 -2.79021516e-08 5.41543950e-01 2.50785059e+00 1.206338e+01 2 1883305 1858926 14 1568138 1493247 8 5355491 3106598 3 1698074 1654905 11 1599138 1295354
0591_2 1100 153.132812     8     5  1.90045061e+00 -5.10938353e-08 -1.17170764e-02 1.68854433e+00 1.174914e+01 5 1566775 1535581 8 5159760 2926287 6 1976462 1878141 2 1899933 1874151 11 1605682 1293437
0592_1 1011 153.375000     8     5  1.51358294e+00 6.24210307e-09 2.86478080e-01 2.49279546e+00 1.216019e+01 11 853514 690976 6 1015686 975646 5 911326 892620 19 842656 836506 3 913257 891611
0592_2 1010 153.375000     8     4  2.48452197e+00 7.20269082e-09 -6.59346558e-01 1.10404297e+00 1.104147e+01 11 866173 699626 8 4234039 2173145 6 1010955 973201 19 840722 834720
0593_1 0111 153.617188     8     5  5.56215397e-01 -3.50432806e-08 3.21464573e-01 1.52467249e+00 1.177855e+01 2 1291721 1274477 6 1319583 1254780 3 1202074 1171032 14 1051103 1001125 8 4308331 2042274
0593_2 1111 153.617188     8     5  2.72988158e+00 -8.52747773e-09 -1.05375711e+00 2.10973775e-01 1.195720e+01 5 1097025 1074533 8 3296531 1968488 14 1072623 1018402 19 1000343 992826 6 1325591 1262062
0594_1 0010 153.859375     8     5  1.80022968e+00 -9.89024346e-08 5.40021007e-01 2.53169790e+00 1.165671e+01 3 914996 892603 8 3704269 1567903 5 831632 814927 11 794682 646372 6 967830 926310
0594_2 1101 153.859375     8     5  9.49072303e-01 7.16677534e-09 -8.52812381e-01 2.93082734e+00 1.205713e+01 2 1055413 1040887 19 809062 802700 8 3392190 1604928 14 816331 778217 11 795362 644353
0595_1 0110 154.101562     8     5  1.27894786e+00 -2.91080822e-08 5.34682861e-01 2.37009130e+00 1.196530e+01 6 1038717 995131 8 3024759 1852435 11 867113 697671 19 868684 862436 5 904419 886257
0595_2 1010 154.101562     8     5  2.25040707e+00 -5.95788800e-08 -6.24057438e-01 5.99048336e-01 1.199071e+01 14 868786 827116 6 1040119 997274 8 3566619 2020233 3 965679 943468 11 860440 696375
0596_1 0101 154.343750     8     5  2.81365805e+00 -6.38534105e-09 9.15531806e-01 2.29109368e+00 1.204895e+01 14 1848558 1758145 8 19751809 4871508 19 1806372 1791418 3 2038729 1983615 2 2383101 2343808
0596_2 0010 154.343750     8     5  2.81327103e+00 -1.25897877e-08 -4.68559892e-01 6.24798346e-01 1.192856e+01 19 1792739 1778557 8 47429085 6096363 2 2393760 2354730 3 2052427 1998718 6 2220056 2124921
0597_1 0010 154.585938     8     5  2.23045529e+00 -7.27956213e-08 5.62259751e-01 2.57763410e+00 1.203894e+01 2 2459135 2417350 5 1866433 1829578 6 2222393 2124178 19 1838789 1823221 8 7085609 4045505
0597_2 1100 154.585938     8     5  2.64280666e+00 -6.84696603e-09 -3.96438340e-02 2.27049478e+00 1.203566e+01 19 1804423 1789467 8 13832155 4848605 14 1846700 1759419 2 2457436 2411173 6 2207183 2110110
0598_1 0111 154.828125     8     5  2.70918244e+00 -2.96725530e-08 3.95852024e-01 9.08640988e-01 1.198590e+01 6 2242402 2145639 8 6896053 3653287 3 2098659 2041804 5 1908731 1868799 19 1814441 1799833
0598_2 0010 154.828125     8     5  2.14547015e+00 -1.52377155e-08 -4.70977598e-01 2.07142193e+00 1.208852e+01 11 1937180 1553930 19 1809310 1795194 2 2375646 2334365 8 11421847 3931395 3 2093962 2039402
0599_1 1100 155.070312     8     6  2.81616742e+00 3.98713500e-09 4.65921611e-01 1.38793516e-01 1.268965e+01 6 2407990 2258637 2 2446955 2397782 19 1808755 1793852 5 1897675 1858527 8 5651803 3288000 14 1861876 1771187
0599_2 0001 155.070312     8     5  2.20157223e+00 -3.90257763e-08 -7.52202485e-01 2.04768330e+00 1.218466e+01 3 2081925 2026529 14 1880206 1790759 6 2336719 2209958 11 1919047 1531922 2 2441008 2389144
