0000 0.160000
0001 0.160000
0002 0.160000
0003 0.160000
0004 0.160000
0005 0.160000
0006 0.204464
0007 0.160000
0008 0.211630
0009 0.160000
0010 0.160000
0011 0.160000
0012 0.160000
0013 0.160000
0014 0.169695
0015 0.266267
0016 0.213349
0017 0.160000
0018 0.160000
0019 0.160000
0020 0.160000
0021 0.160000
0022 0.214577
0023 0.160000
0024 0.215002
0025 0.160000
0026 0.215427
0027 0.160000
0028 0.215852
0029 0.160000
0030 0.170638
0031 0.160000
0032 0.160000
0033 0.160000
0034 0.171788
0035 0.263520
0036 0.261705
0037 0.219584
0038 0.218477
0039 0.241853
0040 0.331344
0041 0.220435
0042 0.219249
0043 0.218897
0044 0.323106
0045 0.221287
0046 0.279648
0047 0.398853
0048 0.334679
0049 0.222139
0050 0.220792
0051 0.220669
0052 0.400398
0053 0.222990
0054 0.269108
0055 0.405643
0056 0.338048
0057 0.347558
0058 0.222335
0059 0.222476
0060 0.339733
0061 0.274926
0062 0.174172
0063 0.377291
0064 0.404666
0065 0.160000
0066 0.174251
0067 0.205492
0068 0.407386
0069 0.160000
0070 0.226397
0071 0.419871
0072 0.399551
0073 0.160000
0074 0.227248
0075 0.225510
0076 0.346761
0077 0.160000
0078 0.300309
0079 0.559659
0080 0.301123
0081 0.195957
0082 0.228952
0083 0.227365
0084 0.231448
0085 0.227537
0086 0.365235
0087 0.617692
0088 0.356552
0089 0.289807
0090 0.367784
0091 0.229228
0092 0.229705
0093 0.353213
0094 0.318108
0095 0.681070
0096 0.160000
0097 0.425058
0098 0.307532
0099 0.208901
0100 0.301764
0101 0.428095
0102 0.185488
0103 0.727119
0104 0.351920
0105 0.414241
0106 0.203458
0107 0.430681
0108 0.232955
0109 0.361984
0110 0.232721
0111 0.750746
0112 0.388004
0113 0.361637
0114 0.160000
0115 0.383081
0116 0.234818
0117 0.415262
0118 0.160000
0119 0.748914
0120 0.235750
0121 0.517759
0122 0.235196
0123 0.388180
0124 0.236682
0125 0.343495
0126 0.160000
0127 0.723572
0128 0.160000
0129 0.291565
0130 0.180838
0131 0.241821
0132 0.239172
0133 0.363895
0134 0.306335
0135 0.683979
0136 0.305784
0137 0.294248
0138 0.405755
0139 0.160000
0140 0.330331
0141 0.240408
0142 0.341038
0143 0.637701
0144 0.400926
0145 0.241340
0146 0.444209
0147 0.246195
0148 0.465147
0149 0.242272
0150 0.459158
0151 0.631049
0152 0.406025
0153 0.243203
0154 0.461746
0155 0.252013
0156 0.609635
0157 0.217838
0158 0.488142
0159 0.604584
0160 0.355899
0161 0.160000
0162 0.321232
0163 0.215488
0164 0.338036
0165 0.245985
0166 0.383426
0167 0.668913
0168 0.311011
0169 0.244750
0170 0.460168
0171 0.246875
0172 0.256414
0173 0.245601
0174 0.386816
0175 0.575724
0176 0.246341
0177 0.332818
0178 0.388258
0179 0.248682
0180 0.160000
0181 0.433131
0182 0.353794
0183 0.549011
0184 0.281591
0185 0.336214
0186 0.303351
0187 0.250490
0188 0.160000
0189 0.307163
0190 0.160000
0191 0.518240
0192 0.319683
0193 0.249761
0194 0.187522
0195 0.160000
0196 0.250138
0197 0.250610
0198 0.353716
0199 0.504506
0200 0.253201
0201 0.251458
0202 0.251550
0203 0.160000
0204 0.254104
0205 0.197205
0206 0.549360
0207 0.520560
0208 0.289077
0209 0.160000
0210 0.333528
0211 0.160000
0212 0.255912
0213 0.160000
0214 0.254100
0215 0.376624
0216 0.256815
0217 0.160000
0218 0.354053
0219 0.160000
0220 0.255031
0221 0.160000
0222 0.190400
0223 0.160000
0224 0.269617
0225 0.160000
0226 0.160000
0227 0.296846
0228 0.160000
0229 0.272010
0230 0.160000
0231 0.257500
0232 0.271818
0233 0.288326
0234 0.160000
0235 0.258350
0236 0.160000
0237 0.360423
0238 0.160000
0239 0.358716
0240 0.160000
0241 0.300958
0242 0.160000
0243 0.260050
0244 0.160000
0245 0.263141
0246 0.160000
0247 0.260900
0248 0.160000
0249 0.264044
0250 0.160000
0251 0.261991
0252 0.160000
0253 0.227611
0254 0.160000
0255 0.770080
0256 0.160000
0257 0.160000
0258 0.194012
0259 0.160000
0260 0.256725
0261 0.160000
0262 0.266755
0263 0.264466
0264 0.264299
0265 0.251196
0266 0.264724
0267 0.160000
0268 0.265150
0269 0.160000
0270 0.265575
0271 0.160000
0272 0.265999
0273 0.360394
0274 0.429824
0275 0.542790
0276 0.495088
0277 0.496511
0278 0.522065
0279 0.267751
0280 0.267699
0281 0.160000
0282 0.268124
0283 0.268605
0284 0.259275
0285 0.268989
0286 0.196987
0287 0.275695
0288 0.160000
0289 0.165950
0290 0.160000
0291 0.228662
0292 0.259756
0293 0.270249
0294 0.160000
0295 0.270674
0296 0.271165
0297 0.382563
0298 0.160000
0299 0.383415
0300 0.272018
0301 0.271949
0302 0.160000
0303 0.272374
0304 0.497304
0305 0.667650
0306 0.160000
0307 0.273224
0308 0.273725
0309 0.273938
0310 0.160000
0311 0.274365
0312 0.274578
0313 0.274499
0314 0.160000
0315 0.274924
0316 0.263716
0317 0.231424
0318 0.160000
0319 0.169137
0320 0.160000
0321 0.284706
0322 0.200600
0323 0.276840
0324 0.263312
0325 0.277138
0326 0.277049
0327 0.160000
0328 0.277474
0329 0.277992
0330 0.277899
0331 0.278462
0332 0.278324
0333 0.397733
0334 0.278749
0335 0.279315
0336 0.279174
0337 0.279699
0338 0.279599
0339 0.160000
0340 0.280024
0341 0.280552
0342 0.280449
0343 0.160000
0344 0.280874
0345 0.402768
0346 0.281299
0347 0.429693
0348 0.265862
0349 0.236679
0350 0.203574
0351 0.160000
0352 0.160000
0353 0.172537
0354 1.000000
0355 0.235249
0356 0.160000
0357 0.407262
0358 0.283965
0359 0.408113
0360 0.160000
0361 0.284274
0362 0.284819
0363 0.284699
0364 0.160000
0365 0.285124
0366 0.285672
0367 0.285886
0368 0.160000
0369 0.286312
0370 0.286525
0371 0.290798
0372 0.160000
0373 0.286824
0374 0.287379
0375 0.287249
0376 0.160000
0377 0.287674
0378 0.288232
0379 0.416459
0380 0.160000
0381 0.366799
0382 0.209643
0383 0.289214
0384 0.160000
0385 0.160000
0386 0.207187
0387 0.236019
0388 0.269899
0389 0.160000
0390 0.290223
0391 0.421627
0392 0.160000
0393 0.291262
0394 0.291073
0395 0.291645
0396 0.160000
0397 0.160000
0398 0.291923
0399 0.292499
0400 0.160000
0401 0.292883
0402 0.292773
0403 0.745882
0404 0.779762
0405 0.293737
0406 0.293623
0407 0.294206
0408 0.160000
0409 0.160000
0410 0.294473
0411 0.295059
0412 0.160000
0413 0.160000
0414 0.210162
0415 0.318391
0416 0.160000
0417 0.296212
0418 0.160000
0419 0.241837
0420 0.269883
0421 0.296598
0422 0.160000
0423 0.297023
0424 0.297619
0425 0.297833
0426 0.160000
0427 0.298260
0428 0.160000
0429 0.298686
0430 0.160000
0431 0.298723
0432 0.160000
0433 0.160000
0434 0.160000
0435 0.299573
0436 0.160000
0437 0.160000
0438 0.160000
0439 0.441157
0440 0.160000
0441 0.301161
0442 0.160000
0443 0.301273
0444 0.160000
0445 0.160000
0446 0.160000
0447 0.182311
0448 0.160000
0449 0.160000
0450 0.160000
0451 0.303209
0452 0.374095
0453 1.000000
0454 0.411307
0455 0.160000
0456 0.303823
0457 0.160000
0458 0.160000
0459 0.160000
0460 0.304673
0461 0.160000
0462 0.160000
0463 0.305684
0464 0.305523
0465 0.306110
0466 0.160000
0467 0.160000
0468 0.306373
0469 0.160000
0470 0.160000
0471 0.160000
0472 0.307223
0473 0.307732
0474 0.160000
0475 0.308159
0476 0.279036
0477 0.491990
0478 0.160000
0479 0.160000
0480 0.160000
0481 0.185712
0482 0.160000
0483 0.160000
0484 0.160000
0485 0.309772
0486 0.160000
0487 0.310634
0488 0.160000
0489 0.311060
0490 0.160000
0491 0.160000
0492 0.160000
0493 0.311472
0494 0.160000
0495 0.224878
0496 0.160000
0497 0.439913
0498 0.160000
0499 0.313108
0500 0.160000
0501 0.313172
0502 0.881624
0503 1.000000
0504 0.160000
0505 0.314022
0506 0.160000
0507 0.160000
0508 0.160000
0509 0.475027
0510 0.160000
0511 0.160000
0512 0.160000
0513 0.160000
0514 0.160000
0515 0.160000
0516 0.160000
0517 0.160000
0518 0.160000
0519 0.160000
0520 0.316997
0521 0.240066
0522 0.160000
0523 0.302779
0524 0.160000
0525 0.160000
0526 0.160000
0527 0.160000
0528 0.160000
0529 0.160000
0530 0.160000
0531 0.160000
0532 0.160000
0533 0.216303
0534 0.160000
0535 0.160000
0536 0.160000
0537 0.160000
0538 0.160000
0539 0.160000
0540 0.160000
0541 0.160000
0542 0.223577
0543 0.160000
0544 0.161290
0545 0.192541
0546 0.160000
0547 0.255254
0548 0.160000
0549 0.160000
0550 0.160000
0551 0.547116
0552 1.000000
0553 0.645036
0554 0.249814
0555 0.160000
0556 0.187527
0557 0.168778
0558 0.160000
0559 0.231491
0560 0.160000
0561 0.160000
0562 0.160000
0563 0.160000
0564 0.160000
0565 0.160000
0566 0.276052
0567 0.160000
0568 0.213765
0569 0.160000
0570 0.160000
0571 0.160000
0572 0.160000
0573 0.160000
0574 0.160000
0575 0.160000
0576 0.160000
0577 0.160000
0578 0.160000
0579 0.160000
0580 0.240002
0581 0.160000
0582 0.160000
0583 0.160000
0584 0.160000
0585 0.160000
0586 0.330597
0587 0.160000
0588 0.202573
0589 0.160000
0590 0.328526
0591 0.279124
0592 0.609961
0593 0.520509
0594 0.637148
0595 0.608964
0596 0.160000
0597 0.160000
0598 0.160000
0599 0.160000
0600 0.222837
0601 1.000000
0602 1.000000
0603 0.297667
0604 0.292477
0605 0.160000
0606 0.230191
0607 0.378905
0608 0.160000
0609 0.160000
0610 0.160000
0611 0.160000
0612 0.336576
0613 0.160000
0614 0.337003
0615 0.160000
0616 0.318714
0617 0.160000
0618 0.160000
0619 0.337396
0620 0.160000
0621 0.160000
0622 0.160000
0623 0.160000
0624 0.339051
0625 0.160000
0626 0.339477
0627 0.160000
0628 0.339904
0629 0.160000
0630 0.160000
0631 0.160000
0632 0.160000
0633 0.160000
0634 0.160000
0635 0.160000
0636 0.160000
0637 0.160000
0638 0.341952
0639 0.160000
0640 0.342379
0641 0.160000
0642 0.160000
0643 0.160000
0644 0.160000
0645 0.160000
0646 0.160000
0647 0.160000
0648 0.160000
0649 0.160000
0650 0.877535
0651 1.000000
0652 0.947427
0653 0.160000
0654 0.160000
0655 0.160000
0656 0.160000
0657 0.160000
0658 0.160000
0659 0.160000
0660 0.160000
0661 0.160000
0662 0.346901
0663 0.160000
0664 0.347328
0665 0.160000
0666 0.160000
0667 0.160000
0668 0.160000
0669 0.160000
0670 0.160000
0671 0.160000
0672 0.160000
0673 0.160000
0674 0.349376
0675 0.160000
0676 0.349803
0677 0.160000
0678 0.160000
0679 0.160000
0680 0.160000
0681 0.160000
0682 0.160000
0683 0.160000
0684 0.351424
0685 0.350996
0686 0.160000
0687 0.160000
0688 0.160000
0689 0.160000
0690 0.160000
0691 0.160000
0692 0.160000
0693 0.160000
0694 0.160000
0695 0.160000
0696 0.353899
0697 0.160000
0698 0.354326
0699 0.573712
0700 1.000000
0701 1.000000
0702 0.602362
0703 0.160000
0704 0.160000
0705 0.160000
0706 0.160000
0707 0.160000
0708 0.356374
0709 0.160000
0710 0.356801
0711 0.160000
0712 0.357227
0713 0.160000
0714 0.160000
0715 0.160000
0716 0.160000
0717 0.160000
0718 0.357795
0719 0.160000
0720 0.358849
0721 0.160000
0722 0.359275
0723 0.160000
0724 0.160000
0725 0.160000
0726 0.160000
0727 0.160000
0728 0.160000
0729 0.160000
0730 0.160000
0731 0.160000
0732 0.361324
0733 0.160000
0734 0.361750
0735 0.160000
0736 0.276000
0737 0.169656
0738 0.160000
0739 0.160000
0740 0.160000
0741 0.160000
0742 0.160000
0743 0.160000
0744 0.363798
0745 0.160000
0746 0.160000
0747 0.160000
0748 0.280116
0749 1.000000
0750 1.000000
0751 1.000000
0752 0.285676
0753 0.160000
0754 0.160000
0755 0.160000
0756 0.366273
0757 0.160000
0758 0.366700
0759 0.160000
0760 0.160000
0761 0.160000
0762 0.160000
0763 0.160000
0764 0.160000
0765 0.160000
0766 0.160000
0767 0.160000
0768 0.368748
0769 0.160000
0770 0.160000
0771 0.160000
0772 0.160000
0773 0.160000
0774 0.160000
0775 0.160000
0776 0.160000
0777 0.160000
0778 0.370796
0779 0.160000
0780 0.160000
0781 0.160000
0782 0.371649
0783 0.160000
0784 0.380194
0785 0.160000
0786 0.160000
0787 0.160000
0788 0.160000
0789 0.160000
0790 0.373271
0791 0.160000
0792 0.373697
0793 0.160000
0794 0.160000
0795 0.160000
0796 0.160000
0797 0.160000
0798 0.965498
0799 1.000000
0800 1.000000
0801 0.947969
0802 0.375745
0803 0.160000
0804 0.376172
0805 0.160000
0806 0.160000
0807 0.160000
0808 0.160000
0809 0.160000
0810 0.160000
0811 0.160000
0812 0.363897
0813 0.160000
0814 0.378220
0815 0.160000
0816 0.378647
0817 0.378194
0818 0.160000
0819 0.160000
0820 0.160000
0821 0.160000
0822 0.160000
0823 0.160000
0824 0.340134
0825 0.160000
0826 0.160000
0827 0.160000
0828 0.381122
0829 0.160000
0830 0.160000
0831 0.160000
0832 0.160000
0833 0.160000
0834 0.160000
0835 0.160000
0836 0.160000
0837 0.160000
0838 0.379085
0839 0.160000
0840 0.383596
0841 0.160000
0842 0.160000
0843 0.160000
0844 0.160000
0845 0.160000
0846 0.160000
0847 0.692359
0848 1.000000
0849 1.000000
0850 1.000000
0851 0.651739
0852 0.386071
0853 0.160000
0854 0.160000
0855 0.160000
0856 0.160000
0857 0.160000
0858 0.160000
0859 0.160000
0860 0.160000
0861 0.160000
0862 0.331560
0863 0.160000
0864 0.388546
0865 0.160000
0866 0.449906
0867 0.160000
0868 0.160000
0869 0.160000
0870 0.160000
0871 0.176333
0872 0.245084
0873 0.160000
0874 0.307797
0875 0.160000
0876 0.370510
0877 0.160000
0878 0.160000
0879 0.160000
0880 0.160000
0881 0.160000
0882 0.160000
0883 0.434365
0884 0.221321
0885 0.160000
0886 0.284035
0887 0.160000
0888 0.160000
0889 0.160000
0890 0.160000
0891 0.160000
0892 0.160000
0893 0.160000
0894 0.160000
0895 0.160000
0896 0.429447
0897 1.000000
0898 1.000000
0899 1.000000
0900 1.000000
0901 0.365737
0902 0.160000
0903 0.160000
0904 0.330009
0905 0.160000
0906 0.160000
0907 0.255046
0908 0.173796
0909 0.250361
0910 0.652779
0911 0.745693
0912 0.768095
0913 0.160000
0914 0.160000
0915 0.160000
0916 0.398594
0917 0.160000
0918 0.160000
0919 0.281283
0920 0.160000
0921 0.218997
0922 0.212747
0923 0.160000
0924 0.160000
0925 0.160000
0926 0.160000
0927 0.160000
0928 0.160000
0929 0.160000
0930 0.160000
0931 0.307520
0932 0.160000
0933 0.245234
0934 0.188984
0935 0.160000
0936 0.160000
0937 0.160000
0938 0.160000
0939 0.160000
0940 0.160000
0941 0.160000
0942 0.160000
0943 0.333758
0944 0.160000
0945 0.271471
0946 1.000000
0947 1.000000
0948 1.000000
0949 1.000000
0950 1.000000
0951 0.160000
0952 0.160000
0953 0.407064
0954 0.160000
0955 0.359995
0956 0.160000
0957 0.297709
0958 0.160000
0959 0.160000
0960 0.160000
0961 0.160000
0962 0.160000
0963 0.160000
0964 0.160000
0965 0.160000
0966 0.160000
0967 0.386233
0968 0.160000
0969 0.160000
0970 0.160000
0971 0.160000
0972 0.160000
0973 0.160000
0974 0.160000
0975 0.160000
0976 0.160000
0977 0.160000
0978 0.160000
0979 0.412440
0980 0.160000
0981 0.160000
0982 0.412193
0983 0.160000
0984 0.160000
0985 0.160000
0986 0.160000
0987 0.160000
0988 0.160000
0989 0.414488
0990 0.160000
0991 0.414915
0992 0.160000
0993 0.160000
0994 0.160000
0995 0.903057
0996 1.000000
0997 1.000000
0998 1.000000
0999 1.000000
1000 0.793167
1001 0.416963
1002 0.160000
1003 0.417390
1004 0.160000
1005 0.160000
1006 0.160000
1007 0.160000
1008 0.160000
1009 0.160000
1010 0.160000
1011 0.160000
1012 0.160000
1013 0.160000
1014 0.160000
1015 0.419864
1016 0.160000
1017 0.420291
1018 0.160000
1019 0.160000
1020 0.160000
1021 0.160000
1022 0.160000
1023 0.421486
1024 0.160000
1025 0.421913
1026 0.160000
1027 0.422339
1028 0.160000
1029 0.160000
1030 0.160000
1031 0.160000
1032 0.160000
1033 0.160000
1034 0.160000
1035 0.160000
1036 0.160000
1037 0.424387
1038 0.160000
1039 0.160000
1040 0.160000
1041 0.160000
1042 0.160000
1043 0.160000
1044 0.670829
1045 1.000000
1046 1.000000
1047 1.000000
1048 1.000000
1049 1.000000
1050 0.537849
1051 0.427289
1052 0.160000
1053 0.160000
1054 0.160000
1055 0.160000
1056 0.160000
1057 0.160000
1058 0.160000
1059 0.160000
1060 0.160000
1061 0.429337
1062 0.160000
1063 0.429764
1064 0.160000
1065 0.160000
1066 0.160000
1067 0.160000
1068 0.160000
1069 0.160000
1070 0.160000
1071 0.160000
1072 0.160000
1073 0.431812
1074 0.160000
1075 0.432238
1076 0.160000
1077 0.160000
1078 0.160000
1079 0.160000
1080 0.160000
1081 0.432592
1082 0.160000
1083 0.160000
1084 0.160000
1085 0.434286
1086 0.160000
1087 0.160000
1088 0.160000
1089 0.160000
1090 0.160000
1091 0.160000
1092 0.160000
1093 0.160000
1094 0.160000
1095 0.436334
1096 0.160000
1097 0.160000
1098 0.160000
1099 0.160000
1100 0.160000
1101 0.160000
1102 0.160000
1103 0.160000
1104 0.160000
1105 0.160000
1106 0.160000
1107 0.438809
1108 0.160000
1109 0.439236
1110 0.160000
1111 0.160000
1112 0.160000
1113 0.160000
1114 0.407196
1115 0.160000
1116 0.160000
1117 0.160000
1118 0.160000
1119 0.441284
1120 0.160000
1121 0.441711
1122 0.160000
1123 0.160000
1124 0.160000
1125 0.207399
1126 0.344758
1127 0.160000
1128 0.160000
1129 0.160000
1130 0.160000
1131 0.443759
1132 0.160000
1133 0.160000
1134 0.160000
1135 0.160000
1136 0.160000
1137 0.160000
1138 0.160000
1139 0.160000
1140 0.160000
1141 0.160000
1142 0.160000
1143 0.446234
1144 0.160000
1145 0.160000
1146 0.160000
1147 0.379346
1148 0.160000
1149 0.160000
1150 0.160000
1151 0.160000
1152 0.160000
1153 0.160000
1154 0.160000
1155 0.448708
1156 0.160000
1157 0.160000
1158 0.160000
1159 0.160000
1160 0.160000
1161 0.160000
1162 0.160000
1163 0.160000
1164 0.160000
1165 0.160000
1166 0.160000
1167 0.451183
1168 0.160000
1169 0.160000
1170 0.160000
1171 0.160000
1172 0.160000
1173 0.160000
1174 0.160000
1175 0.160000
1176 0.160000
1177 0.160000
1178 0.160000
1179 0.453658
1180 0.351496
1181 0.160000
1182 0.160000
1183 0.160000
1184 0.160000
1185 0.160000
1186 0.160000
1187 0.160000
1188 0.160000
1189 0.384103
1190 0.160000
1191 0.446816
1192 0.160000
1193 0.160000
1194 0.160000
1195 0.456051
1196 0.448532
1197 1.000000
1198 0.261032
1199 0.160000
1200 0.160000
1201 0.360340
1202 0.160000
1203 0.160000
1204 0.160000
1205 0.160000
1206 0.458278
1207 0.160000
1208 0.160000
1209 0.160000
1210 0.177102
1211 0.313353
1212 0.160000
1213 0.500223
1214 0.167396
1215 0.399291
1216 0.160000
1217 0.160000
1218 0.160000
1219 0.460891
1220 0.160000
1221 0.462448
1222 0.160000
1223 0.160000
1224 0.181565
1225 0.312815
1226 0.160000
1227 0.679205
1228 0.463813
1229 0.160000
1230 0.160000
1231 0.160000
1232 0.160000
1233 0.160000
1234 0.160000
1235 0.160000
1236 0.160000
1237 0.160000
1238 0.160000
1239 0.351766
1240 0.160000
1241 0.160000
1242 0.160000
1243 0.160000
1244 0.160000
1245 0.160000
1246 0.295795
1247 0.202046
1248 0.234040
1249 0.265290
1250 0.160000
1251 0.160000
1252 0.160000
1253 0.160000
1254 0.160000
1255 0.507449
1256 0.160000
1257 0.160000
1258 0.160000
1259 0.470298
1260 0.260277
1261 0.241527
1262 0.160000
1263 0.160000
1264 0.160000
1265 0.160000
1266 0.160000
1267 0.160000
1268 0.160000
1269 0.160000
1270 0.160000
1271 0.160000
1272 0.286515
1273 0.217765
1274 0.224228
1275 0.280478
1276 0.160000
1277 0.160000
1278 0.160000
1279 0.267945
1280 0.236695
1281 0.160000
1282 0.160000
1283 0.160000
1284 0.312752
1285 0.194002
1286 0.160000
1287 0.160000
1288 0.160000
1289 0.160000
1290 0.160000
1291 0.160000
1292 0.160000
1293 0.160000
1294 0.160000
1295 0.160000
1296 0.338990
1297 0.170240
1298 0.160000
1299 0.160000
1300 0.160000
1301 0.160000
1302 0.160000
1303 0.160000
1304 0.160000
1305 0.160000
1306 0.427513
1307 0.160000
1308 0.365227
1309 0.160000
1310 0.160000
1311 0.160000
1312 0.240095
1313 0.271345
1314 0.160000
1315 0.160000
1316 0.160000
1317 0.160000
1318 0.160000
1319 0.160000
1320 0.391464
1321 0.160000
1322 0.160000
1323 0.160000
1324 0.160000
1325 0.160000
1326 0.484123
1327 0.160000
1328 0.160000
1329 0.373003
1330 0.160000
1331 0.160000
1332 0.160000
1333 0.160000
1334 0.235428
1335 0.281678
1336 0.160000
1337 0.160000
1338 0.160000
1339 0.160000
1340 0.160000
1341 0.160000
1342 0.160000
1343 0.160000
1344 0.160000
1345 0.212245
1346 0.305995
1347 0.160000
1348 0.160000
1349 0.160000
1350 0.160000
1351 0.160000
1352 0.160000
1353 0.160000
1354 0.489926
1355 0.160000
1356 0.160000
1357 0.160000
1358 0.160000
1359 0.160000
1360 0.160000
1361 0.160000
1362 0.160000
1363 0.160000
1364 0.491974
1365 0.160000
1366 0.492401
1367 0.160000
1368 0.160000
1369 0.160000
1370 0.160000
1371 0.160000
1372 0.160000
1373 0.160000
1374 0.160000
1375 0.160000
1376 0.160000
1377 0.160000
1378 0.519270
1379 0.340645
1380 0.160000
1381 0.160000
1382 0.160000
1383 0.160000
1384 0.160000
1385 0.591908
1386 0.160000
1387 0.160000
1388 0.160000
1389 0.160000
1390 0.497350
1391 0.160000
1392 0.160000
1393 0.160000
1394 0.160000
1395 0.160000
1396 0.160000
1397 0.160000
1398 0.160000
1399 0.160000
1400 0.499399
1401 0.160000
1402 0.160000
1403 0.160000
1404 0.160000
1405 0.160000
1406 0.160000
1407 0.160000
1408 0.160000
1409 0.160000
1410 0.160000
1411 0.160000
1412 0.717168
1413 0.160000
1414 0.502300
1415 0.160000
1416 0.160000
1417 0.160000
1418 0.160000
1419 0.160000
1420 0.160000
1421 0.160000
1422 0.160000
1423 0.160000
1424 0.160000
1425 0.160000
1426 0.504775
1427 0.160000
1428 0.160000
1429 0.160000
1430 0.160000
1431 0.160000
1432 0.160000
1433 0.160000
1434 0.160000
1435 0.160000
1436 0.506823
1437 0.160000
1438 0.507249
1439 0.160000
1440 0.160000
1441 0.160000
1442 0.160000
1443 0.160000
1444 1.000000
1445 1.000000
1446 0.313345
1447 0.160000
1448 0.509297
1449 0.160000
1450 0.160000
1451 0.160000
1452 0.160000
1453 0.160000
1454 0.160000
1455 0.160000
1456 0.160000
1457 0.160000
1458 0.160000
1459 0.160000
1460 0.511772
1461 0.160000
1462 0.512199
1463 0.160000
1464 0.160000
1465 0.160000
1466 0.160000
1467 0.160000
1468 0.160000
1469 0.160000
1470 0.160000
1471 0.160000
1472 0.514247
1473 0.160000
1474 0.160000
1475 0.160000
1476 0.160000
1477 0.160000
1478 0.444595
1479 0.160000
1480 0.160000
1481 0.160000
1482 0.160000
1483 0.160000
1484 0.516722
1485 0.160000
1486 0.160000
1487 0.160000
1488 0.160000
1489 0.160000
1490 0.160000
1491 0.160000
1492 0.160000
1493 0.160000
1494 0.518770
1495 0.160000
1496 0.519197
1497 0.160000
1498 0.519623
1499 0.160000
1500 0.160000
1501 0.160000
1502 0.160000
1503 0.160000
1504 0.160000
1505 0.160000
1506 0.160000
1507 0.160000
1508 0.521671
1509 0.160000
1510 0.160000
1511 0.479244
1512 0.160000
1513 0.160000
1514 0.160000
1515 0.160000
1516 0.160000
1517 0.160000
1518 0.499360
1519 0.160000
1520 0.160000
1521 0.160000
1522 0.160000
1523 0.160000
1524 0.160000
1525 0.160000
1526 0.160000
1527 0.160000
1528 0.160000
1529 0.160000
1530 0.475597
1531 0.160000
1532 0.526621
1533 0.160000
1534 0.525763
1535 0.160000
1536 0.160000
1537 0.160000
1538 0.160000
1539 0.160000
1540 0.160000
1541 0.160000
1542 0.451835
1543 0.160000
1544 0.513894
1545 0.160000
1546 0.160000
1547 0.160000
1548 0.160000
1549 0.160000
1550 0.160000
1551 0.160000
1552 0.160000
1553 0.160000
1554 0.428072
1555 0.160000
1556 0.160000
1557 0.160000
1558 0.160000
1559 0.160000
1560 0.160000
1561 0.160000
1562 0.160000
1563 0.160000
1564 0.160000
1565 0.160559
1566 0.404309
1567 0.160000
1568 0.467023
1569 0.160000
1570 0.160000
1571 0.160000
1572 0.160000
1573 0.160000
1574 0.160000
1575 0.249083
1576 0.317833
1577 0.561384
1578 0.380547
1579 0.160000
1580 0.160000
1581 0.160000
1582 0.160000
1583 0.160000
1584 0.160000
1585 0.160000
1586 0.160000
1587 0.160000
1588 0.160000
1589 0.213034
1590 0.356784
1591 0.160000
1592 0.160000
1593 0.160000
1594 0.160000
1595 0.160000
1596 0.160000
1597 0.160000
1598 0.160000
1599 0.301558
1600 0.270308
1601 0.239271
1602 0.333022
1603 0.160000
1604 0.160000
1605 0.160000
1606 0.160000
1607 0.160000
1608 0.160000
1609 0.160000
1610 0.558986
1611 0.327796
1612 0.246546
1613 0.265509
1614 0.309259
1615 0.203222
1616 0.371972
1617 0.160000
1618 0.160000
1619 0.160000
1620 0.160000
1621 0.160000
1622 0.160000
1623 0.354033
1624 0.222783
1625 0.160000
1626 0.160000
1627 0.160000
1628 0.160000
1629 0.160000
1630 0.160000
1631 0.160000
1632 0.160000
1633 0.160000
1634 0.160000
1635 0.380270
1636 0.199020
1637 0.317984
1638 0.261734
1639 0.160000
1640 0.160000
1641 0.160000
1642 0.160000
1643 0.548187
1644 0.160000
1645 0.160000
1646 0.160000
1647 0.406508
1648 0.175258
1649 0.160000
1650 0.160000
1651 0.160000
1652 0.160000
1653 0.160000
1654 0.160000
1655 0.160000
1656 0.160000
1657 0.160000
1658 0.160000
1659 0.432745
1660 0.160000
1661 0.370458
1662 0.214209
1663 0.160000
1664 0.160000
1665 0.160000
1666 0.160000
1667 0.160000
1668 0.160000
1669 0.160000
1670 0.160000
1671 0.160000
1672 0.160000
1673 0.396696
1674 0.190446
1675 0.160000
1676 0.554987
1677 0.160000
1678 0.160000
1679 0.160000
1680 0.160000
1681 0.547506
1682 0.160000
1683 0.485220
1684 0.160000
1685 0.160000
1686 0.160000
1687 0.160000
1688 0.160000
1689 0.160000
1690 0.160000
1691 0.635609
1692 1.000000
1693 1.000000
1694 0.416859
1695 0.511457
1696 0.160000
1697 0.160000
1698 0.160000
1699 0.160000
1700 0.160000
1701 0.160000
1702 0.160000
1703 0.562036
1704 0.160000
1705 0.160000
1706 0.160000
1707 0.537694
1708 0.160000
1709 0.561787
1710 0.160000
1711 0.160000
1712 0.160000
1713 0.160000
1714 0.160000
1715 0.160000
1716 0.160000
1717 0.160000
1718 0.160000
1719 0.563932
1720 0.160000
1721 0.160000
1722 0.160000
1723 0.160000
1724 0.160000
1725 0.160000
1726 0.160000
1727 0.160000
1728 0.160000
1729 0.160000
1730 0.160000
1731 0.567838
1732 0.160000
1733 0.160000
1734 0.160000
1735 0.160000
1736 0.160000
1737 0.160000
1738 0.160000
1739 0.160000
1740 0.160000
1741 0.569887
1742 0.568586
1743 0.160000
1744 0.160000
1745 0.160000
1746 0.160000
1747 0.160000
1748 0.160000
1749 0.160000
1750 0.160000
1751 0.160000
1752 0.160000
1753 0.572361
1754 0.160000
1755 0.160000
1756 0.160000
1757 0.160000
1758 0.160000
1759 0.160000
1760 0.160000
1761 0.160000
1762 0.160000
1763 0.160000
1764 0.160000
1765 0.574836
1766 0.160000
1767 0.160000
1768 0.160000
1769 0.160000
1770 0.160000
1771 0.160000
1772 0.160000
1773 0.160000
1774 0.160000
1775 0.575386
1776 0.160000
1777 0.577311
1778 0.160000
1779 0.577738
1780 0.160000
1781 0.160000
1782 0.160000
1783 0.160000
1784 0.160000
1785 0.160000
1786 0.160000
1787 0.160000
1788 0.160000
1789 0.579786
1790 0.160000
1791 0.160000
1792 0.160000
1793 0.160000
1794 0.160000
1795 0.160000
1796 0.160000
1797 0.160000
1798 0.160000
1799 0.581834
1800 0.160000
1801 0.582261
1802 0.160000
1803 0.160000
1804 0.160000
1805 0.160000
1806 0.160000
1807 0.160000
1808 0.582186
1809 0.160000
1810 0.160000
1811 0.160000
1812 0.160000
1813 0.584735
1814 0.160000
1815 0.160000
1816 0.160000
1817 0.160000
1818 0.160000
1819 0.160000
1820 0.160000
1821 0.160000
1822 0.160000
1823 0.586783
1824 0.160000
1825 0.587210
1826 0.160000
1827 0.160000
1828 0.160000
1829 0.160000
1830 0.160000
1831 0.160000
1832 0.160000
1833 0.160000
1834 0.160000
1835 0.589258
1836 0.160000
1837 0.589685
1838 0.160000
1839 0.160000
1840 0.160000
1841 0.588985
1842 0.160000
1843 0.160000
1844 0.160000
1845 0.160000
1846 0.160000
1847 0.591733
1848 0.160000
1849 0.755397
1850 0.160000
1851 0.160000
1852 0.160000
1853 0.160000
1854 0.160000
1855 0.160000
1856 0.160000
1857 0.160000
1858 0.160000
1859 0.590854
1860 0.160000
1861 0.594634
1862 0.160000
1863 0.160000
1864 0.160000
1865 0.160000
1866 0.160000
1867 0.160000
1868 0.160000
1869 0.160000
1870 0.160000
1871 0.567091
1872 0.160000
1873 0.160000
1874 0.595785
1875 0.160000
1876 0.160000
1877 0.160000
1878 0.160000
1879 0.160000
1880 0.160000
1881 0.160000
1882 0.160000
1883 0.543329
1884 0.160000
1885 0.160000
1886 0.160000
1887 0.160000
1888 0.160000
1889 0.160000
1890 0.160000
1891 0.160000
1892 0.160000
1893 0.160000
1894 0.160000
1895 0.519566
1896 0.160000
1897 0.160000
1898 0.160000
1899 0.160000
1900 0.160000
1901 0.160000
1902 0.160000
1903 0.160000
1904 0.160000
1905 0.160000
1906 0.160000
1907 0.895043
1908 0.160000
1909 0.160000
1910 0.160000
1911 0.160000
1912 0.160000
1913 0.160000
1914 0.160000
1915 0.160000
1916 0.160000
1917 0.160000
1918 0.165791
1919 0.472041
1920 0.160000
